17.13759528 233.0090914 626.4740127 1417.185357 4054.894405 8710.651634 8249.45222 4300.506822 1757.734236 411.8965049 88.4248986 85.05077851 45.7056901 70.48825552 0 0 0 0 0 0 0 0 0 0 0 0 0 0 0 0 0 0 0 0 0 0 0 0 0 0 0 0 0 0 0 0 0 0 0 0 0 0 0 0 0 0 607.8225125 227.6577624 348.9585873 165.4579614 150.4866391 155.2554207 153.5745064 284.0517628 365.6430004 352.675687 280.41489 456.3636434 41.66843052 0 0 0 0 0 0 0 0 0 0 0 0 0 0 0 0 0 0 0 0 0 0 0 0 0 0 0 0 0 0 0 0 0 0 0 0 0 0 0 0 0 0 0 0 0 0 0 0 0 0 0 0
0 124.2290081 398.0787743 1301.149631 3739.278556 7187.502262 3798.641699 1050.608538 188.8625449 50.17908138 1.940098722 0 0 0 0 0 0 0 0 0 0 0 0 0 0 0 0 0 0 0 0 0 0 0 0 0 0 0 0 0 0 0 0 0 0 0 0 0 0 0 0 0 0 0 0 4.470970549 263.7301161 405.9017377 216.0762344 111.6773611 67.03499788 69.11020144 187.4895063 233.6661959 440.4620714 205.6913852 67.00721263 8.652093376 0 0 0 0 0 0 0 0 0 0 0 0 0 0 0 0 0 0 0 0 0 0 0 0 0 0 0 0 0 0 0 0 0 0 0 0 0 0 0 0 0 0 0 0 0 0 0 0 0 0 0 0 0
70.09279165 285.3803103 428.9169346 967.2502447 2841.569757 4726.525496 4258.551199 3096.626045 2645.821583 2597.626785 3114.952383 3375.590891 2717.585152 2032.324557 1288.365812 650.5312356 261.4883038 96.30378766 16.90999727 8.296908297 0 0 0 0 0 0 0 0 0 0 0 0 0 0 0 0 0 0 0 0 0 0 0 0 0 0 0 0 0 0 0 0 0 0 0 42.39998143 410.1015729 331.4503908 222.1092779 176.2869247 158.0954512 98.82249166 165.1601276 384.0709043 427.7473904 199.7560344 12.43952399 0 0 0 0 0 0 0 0 0 0 0 0 0 0 0 0 0 0 0 0 0 0 0 0 0 0 0 0 0 0 0 0 0 0 0 0 0 0 0 0 0 0 0 0 0 0 0 0 0 0 0 0 0 0
5.095758939 115.9935093 370.4234639 1225.436182 3335.767701 5475.49039 5341.011765 4806.678442 3022.895572 2217.137773 1694.149626 1460.862273 1506.44516 970.2913262 691.7336371 267.0623421 65.16966341 16.98199894 0 0 0 0 0 0 0 0 0 0 0 0 0 0 0 0 0 0 0 0 0 0 0 0 0 0 0 0 0 0 0 0 0 0 0 0 0 0 125.9504213 615.144274 408.6405926 151.347003 112.9130589 132.0474542 123.6080349 226.1119284 642.8905505 615.1515085 378.204209 12.44122599 0 0 0 0 0 0 0 0 0 0 0 0 0 0 0 0 0 0 0 0 0 0 0 0 0 0 0 0 0 0 0 0 0 0 0 0 0 0 0 0 0 0 0 0 0 0 0 0 0 0 0 0 0
0 15.83152857 219.3155938 690.9943319 2469.919962 6247.860618 6108.339014 4780.810349 3415.601158 3569.28445 2904.959074 2704.376843 2441.336578 2082.112657 921.9095267 366.3488038 54.46342974 0 0 0 0 0 0 0 0 0 0 0 0 0 0 0 0 0 0 0 0 0 0 0 0 0 0 0 0 0 0 0 0 0 0 0 0 0 0 0 341.3328053 329.6822561 364.04988 258.9713177 248.0809987 131.6708247 195.302349 335.5724083 478.328082 332.2763405 105.110419 10.40008462 0 0 0 0 0 0 0 0 0 0 0 0 0 0 0 0 0 0 0 0 0 0 0 0 0 0 0 0 0 0 0 0 0 0 0 0 0 0 0 0 0 0 0 0 0 0 0 0 0 0 0 0 0
0 0 1.891818937 395.8575852 1252.325376 2823.495693 2857.090809 2403.055724 1567.083186 952.7694183 582.1906103 657.7925013 582.8215502 405.8030024 257.4008471 124.828237 23.23049749 0 0 0 0 0 0 0 0 0 0 0 0 0 0 0 0 0 0 0 0 0 0 0 0 0 0 0 0 0 0 0 0 0 0 0 0 0 0 0 0 149.9571166 251.8252581 204.2075392 160.7355353 121.941677 110.9318308 140.1484436 357.1814846 212.3608324 73.02052368 0 0 0 0 0 0 0 0 0 0 0 0 0 0 0 0 0 0 0 0 0 0 0 0 0 0 0 0 0 0 0 0 0 0 0 0 0 0 0 0 0 0 0 0 0 0 0 0 0 0 0 0 0 0
0 0 0 0 0 0 0 0 0 4.569225575 26.43907572 69.63188124 204.7650166 262.8332841 288.7876681 677.2119061 732.03101 1116.065655 1099.031984 1084.636482 1293.302066 1987.93552 2241.407554 3341.936429 3643.16305 3493.065529 2857.371035 1894.243299 1750.054233 1083.821888 952.9047281 577.8077026 283.6870769 160.3137356 70.48170691 0 0 0 0 0 0 0 0 0 0 0 0 0 0 0 0 0 0 0 0 0 0 0 0 0 0 0 0 0 7.490890218 22.40010019 22.20014811 20.89279653 15.80765818 16.40686136 35.67319601 58.07361031 117.4641734 189.5657352 205.7194877 421.2619174 255.620925 171.2954897 113.8878144 64.48731152 138.8929154 135.0765123 189.8593164 294.7428212 297.5945886 306.0881186 205.6194843 184.6511371 63.33711664 0 0 0 0 0 0 0 0 0 0 0 0 0 0 0 0 0 0 0 0 0 0 0 0 0 0 0 0 0 0 0 0
0 0 0 0 0 0 0 19.77326731 22.78909692 19.43064222 32.13563731 69.43955836 162.4901182 406.8430438 1215.617489 1996.305936 2199.547129 2417.434493 2227.563029 1847.630256 2471.615956 2778.098577 3268.760403 2781.281032 2205.062964 2198.991766 1583.761135 1295.737067 1176.449291 988.0453701 412.3986963 346.052924 83.81177971 113.381764 41.78920818 45.38902024 0 0 0 0 0 0 0 0 0 0 0 0 0 0 0 0 0 0 0 0 0 0 0 0 0 0 0 0 0 0 0 30.93356731 63.78279701 31.61483201 44.94684617 47.23960968 56.16836813 164.6284963 165.9135559 170.3856793 204.9485686 143.9529692 195.1638023 215.2150818 218.3385038 233.5018472 313.3845999 334.7995981 539.1585689 321.0893523 83.96470774 50.97057654 22.36750692 0 0 0 0 0 0 0 0 0 0 0 0 0 0 0 0 0 0 0 0 0 0 0 0 0 0 0 0 0 0 0 0
0 0 0 0 0 0 0 0 0 0 0 0 32.16166081 130.6308438 510.4114743 1174.906168 1420.49525 1635.70422 1684.188828 1662.440413 1341.661862 1659.631615 2383.656109 2786.235779 2857.075864 3340.835908 3793.39291 3402.012994 2157.762516 1584.893891 803.8544898 342.0853068 132.5813246 0 0 0 0 0 0 0 0 0 0 0 0 0 0 0 0 0 0 0 0 0 0 0 0 0 0 0 0 0 0 0 0 0 0 0 0 0 6.681918548 53.09940945 132.0131312 155.9566164 146.2888814 242.6748042 223.1512033 269.7008985 80.34783534 81.31410185 76.95776848 93.11413704 95.15320475 110.2823548 192.1246869 222.0425108 416.7323997 448.1438283 425.2980706 154.25562 87.71488962 0 0 0 0 0 0 0 0 0 0 0 0 0 0 0 0 0 0 0 0 0 0 0 0 0 0 0 0 0 0
0 0 0 0 0 0 0 0 0 0 18.49762688 70.11547232 248.4292938 635.7808126 870.7706474 1512.831749 2067.50105 2236.804556 1974.459549 2614.605805 2681.368849 2488.280242 2614.81861 2267.473729 1638.449321 1378.869095 1561.410481 1029.617508 898.7739276 594.235511 101.3421426 21.97879972 2.469837831 0 0 0 0 0 0 0 0 0 0 0 0 0 0 0 0 0 0 0 0 0 0 0 0 0 0 0 0 0 0 0 0 0 0 0 0 21.95267771 22.93021257 36.70259762 73.30326686 73.16805341 85.8813767 59.130444 245.634737 202.6478848 226.2765373 290.5953538 452.1645334 670.0802106 471.2852036 347.4027553 255.0289172 106.3987988 24.83656478 23.11606352 12.69970189 0 0 0 0 0 0 0 0 0 0 0 0 0 0 0 0 0 0 0 0 0 0 0 0 0 0 0 0 0 0 0 0
0 0 0 0 0 0 0 0 0 0 0 0 0 0 25.98747502 53.64774624 46.48886402 19.16228741 21.37388632 118.6227921 201.9893344 468.7138113 689.1629055 672.5750905 1285.140631 1896.307694 3041.634855 3834.997076 3046.954493 1996.004072 1333.106879 476.2545662 158.4685331 49.49484445 11.35946381 0 0 0 0 0 0 0 0 0 0 0 0 0 0 0 0 0 0 0 0 0 0 0 0 0 0 0 0 0 0 0 0 0 0 0 0 17.85959298 45.47345886 103.5225939 81.62909025 122.5486309 109.8442121 209.1296364 198.5868723 148.7466225 157.2346274 139.604371 159.9212148 114.5348505 149.1984918 150.5720583 388.9964088 351.4957092 152.4484674 52.57767474 4.091061915 0 0 0 0 0 0 0 0 0 0 0 0 0 0 0 0 0 0 0 0 0 0 0 0 0 0 0 0 0 0
0 0 0 11.00593014 64.00278801 83.59473963 59.73112629 156.561791 317.0555273 194.9962218 204.9569584 247.4355353 759.7808662 922.2208713 1022.989516 716.45956 656.9677661 828.4686381 811.5042817 1022.425219 909.0257856 845.7559798 843.3908527 1337.17571 1448.875881 1888.27866 2251.629569 2815.878668 3205.096382 2821.823998 2663.910101 1936.879339 1375.576054 1014.459664 851.2281648 365.2575111 280.8713178 188.8726689 101.2555811 0 0 0 0 0 0 0 0 0 0 0 0 0 0 0 0 0 0 0 0 0 0 0 0 0 0 4.651404399 21.60603878 47.88585782 91.86747531 45.942256 20.08986855 18.71765272 27.71290382 37.24995603 60.13650607 88.45444994 104.8464298 38.27726873 30.00269197 37.84789518 98.92859667 136.4147852 82.80632582 102.4593286 159.6584021 267.0943966 221.4376514 203.2542144 388.5102957 509.3478725 216.4754541 231.0164696 139.7727966 106.4141037 83.23207512 38.96577389 0 0 0 0 0 0 0 0 0 0 0 0 0 0 0 0 0 0 0 0 0 0 0 0 0
33.59195695 107.6227721 754.0505546 7512.80622 12393.4096 7267.711842 2304.071302 406.4967375 67.77049459 17.12406631 0 0 0 0 0 0 0 0 0 0 0 0 0 0 0 0 0 0 0 0 0 0 0 0 0 0 0 0 0 0 0 0 0 0 0 0 0 0 0 0 0 0 0 0 0 0 122.3093715 432.5309459 340.3471102 566.3388858 388.1119326 424.2584223 629.0962735 498.7819559 402.6571206 321.7674821 78.92262135 8.209731118 0 0 0 0 0 0 0 0 0 0 0 0 0 0 0 0 0 0 0 0 0 0 0 0 0 0 0 0 0 0 0 0 0 0 0 0 0 0 0 0 0 0 0 0 0 0 0 0 0 0 0 0 0
69.40516878 256.8155851 502.1618512 1969.610275 4294.00933 4541.113355 3312.21951 2377.844446 1416.152753 735.7473323 253.8546447 64.54444929 3.611419064 0 0 0 0 0 0 0 0 0 0 0 0 0 0 0 0 0 0 0 0 0 0 0 0 0 0 0 0 0 0 0 0 0 0 0 0 0 0 0 0 37.23011552 218.3741432 235.568052 247.71028 92.76943226 154.457203 243.5428521 200.0056006 156.8007525 212.1710431 547.2889622 326.5403961 73.93928115 0 0 0 0 0 0 0 0 0 0 0 0 0 0 0 0 0 0 0 0 0 0 0 0 0 0 0 0 0 0 0 0 0 0 0 0 0 0 0 0 0 0 0 0 0 0 0 0 0 0 0 0 0 0 0
0 7.0157905 106.4339868 554.6128903 1207.510242 1652.883141 2209.75886 1732.30115 1750.761337 1735.574184 1310.839258 978.2690134 397.829785 158.7984638 58.12654339 47.81389331 0 0 0 0 0 0 0 0 0 0 0 0 0 0 0 0 0 0 0 0 0 0 0 0 0 0 0 0 0 0 0 0 0 0 0 0 0 0 0 25.54646516 232.2575095 116.7636534 87.86766668 125.7348208 188.5751192 170.7849088 162.0339812 193.8655101 347.4010712 181.4937902 21.87052153 14.9199048 6.765725354 0 0 0 0 0 0 0 0 0 0 0 0 0 0 0 0 0 0 0 0 0 0 0 0 0 0 0 0 0 0 0 0 0 0 0 0 0 0 0 0 0 0 0 0 0 0 0 0 0 0 0 0
4.145568201 21.45709796 100.5639248 351.2112872 1646.979952 2094.09709 2308.499798 1912.02668 1892.647979 1790.300735 1301.573916 1061.765336 578.0293089 261.3020627 46.95987809 56.68786263 27.06945463 86.52193712 36.52448356 93.91014691 6.376788175 0 0 0 0 0 0 0 0 0 0 0 0 0 0 0 0 0 0 0 0 0 0 0 0 0 0 0 0 0 0 0 0 0 0 0 107.5507136 329.3931457 297.7059377 237.7411107 173.4640165 160.5681963 170.0224607 207.8349046 224.9017226 295.749693 273.8646765 181.8920539 127.5927572 2.888815564 0 0 0 0 0 0 0 0 0 0 0 0 0 0 0 0 0 0 0 0 0 0 0 0 0 0 0 0 0 0 0 0 0 0 0 0 0 0 0 0 0 0 0 0 0 0 0 0 0 0 0
0 0 0 20.22821351 218.625552 593.4240216 894.0551328 956.913942 1838.943353 2550.056555 3235.064188 2605.432996 1899.164043 816.7912797 176.9543382 87.52411567 59.87384105 264.5160373 283.4259126 81.35014495 60.0689182 33.92539241 36.63476275 39.87650628 0 0 0 0 0 0 0 0 0 0 0 0 0 0 0 0 0 0 0 0 0 0 0 0 0 0 0 0 0 0 0 0 108.246915 304.4342356 164.7073104 158.5588336 163.255223 161.3589792 241.0050403 286.6432271 274.3249248 546.5987285 186.3514184 118.8918649 42.48338011 19.65701127 17.07278113 14.18622617 0 0 0 0 0 0 0 0 0 0 0 0 0 0 0 0 0 0 0 0 0 0 0 0 0 0 0 0 0 0 0 0 0 0 0 0 0 0 0 0 0 0 0 0 0 0 0 0 0
0 83.08366068 240.394425 1005.790451 1706.185551 2768.987594 2914.475398 2930.74398 2147.011067 1398.465905 1144.89457 943.7020537 662.3407176 334.0830596 78.70356659 21.11765998 46.80600797 164.9037803 332.0364358 402.3305328 276.3381732 346.7340245 183.5390406 64.15294657 58.96505237 0 0 0 0 0 0 0 0 0 0 0 0 0 0 0 0 0 0 0 0 0 0 0 0 0 0 0 0 0 0 65.76955466 103.121136 318.0443722 307.7649863 295.9614832 244.0125325 257.8343495 314.2878921 271.7120422 245.5720965 201.948264 241.9324817 129.7601913 132.5660281 68.62124971 19.6756874 0 0 0 0 0 0 0 0 0 0 0 0 0 0 0 0 0 0 0 0 0 0 0 0 0 0 0 0 0 0 0 0 0 0 0 0 0 0 0 0 0 0 0 0 0 0 0 0 0 0
0 0 60.76619872 591.3901343 1847.840391 2285.672547 2334.977648 2133.941917 1839.220478 1852.092673 1666.394194 1191.451876 398.5924907 166.0985337 22.95033376 22.96878494 22.0325499 68.79140124 182.0637385 81.22664566 51.58313884 85.12301329 119.7652369 152.7514051 1.233341337 0 0 0 0 0 0 0 0 0 0 0 0 0 0 0 0 0 0 0 0 0 0 0 0 0 0 0 0 0 0 51.05119343 288.0566329 317.7314145 183.5992412 321.7676337 209.3349808 148.0974051 163.5554444 147.316466 161.8542256 166.7413962 316.5034584 218.6407479 268.3969171 53.81048081 0 0 0 0 0 0 0 0 0 0 0 0 0 0 0 0 0 0 0 0 0 0 0 0 0 0 0 0 0 0 0 0 0 0 0 0 0 0 0 0 0 0 0 0 0 0 0 0 0 0 0
0 0 7.184810308 246.9606678 1939.775959 2338.379282 1470.60459 706.0587463 546.3013691 768.8010382 531.2798686 335.0587502 223.4198003 126.9559821 67.72939135 28.78756945 29.1063384 26.11238432 83.2355303 46.00796034 19.80289031 55.47669511 94.29229699 81.26583351 78.77679406 154.8393053 182.8312957 151.0996248 73.60675466 0 0 0 0 0 0 0 0 0 0 0 0 0 0 0 0 0 0 0 0 0 0 0 0 0 0 0 11.83707571 251.3608338 250.0583208 139.4556157 153.8939512 132.6689347 125.0995488 215.4311891 389.8040841 245.3925641 15.88322076 11.07584011 0 0 0 0 0 0 0 0 0 0 0 0 0 0 0 0 0 0 0 0 0 0 0 0 0 0 0 0 0 0 0 0 0 0 0 0 0 0 0 0 0 0 0 0 0 0 0 0 0 0 0 0 0
0 0 4.091396282 295.6855694 1445.890663 2170.182789 3252.556597 4647.310011 4566.873223 4232.071312 3573.673155 1731.114679 616.7848363 175.7236047 28.01400441 59.49900491 21.40038986 35.09348222 102.0374308 85.27552143 170.5727385 61.48020752 51.46868672 32.78414639 71.09241761 79.34144933 83.98839285 99.61969114 64.54968256 99.63708806 238.4670051 172.8813875 79.99369235 90.26197989 50.15334874 51.43978003 26.30178101 29.90386991 0 0 0 0 0 0 0 0 0 0 0 0 0 0 0 0 0 27.20463717 547.7608758 470.5320073 267.5383068 258.0699486 292.2111333 317.5541724 403.8427706 378.9137117 314.2009874 380.7470633 345.0096915 159.1952446 140.0871344 50.90570617 7.965482016 0 0 0 0 0 0 0 0 0 0 0 0 0 0 0 0 0 0 0 0 0 0 0 0 0 0 0 0 0 0 0 0 0 0 0 0 0 0 0 0 0 0 0 0 0 0 0 0 0 0
0 54.79148157 206.3153257 598.8272821 1521.755112 1758.012847 2106.428744 2314.552699 2229.096144 1874.001949 1276.468019 909.0589553 599.1599141 189.2049561 115.8604231 130.9956127 125.9708501 159.2350164 179.0151401 173.2065598 438.4295341 177.973036 127.8932291 98.26932568 129.7842078 132.6319516 111.6009863 97.10414347 276.5597805 389.4906576 234.5717359 187.7696042 85.09552837 34.33195836 36.35866394 45.13543048 0 0 0 0 0 0 0 0 0 0 0 0 0 0 0 0 0 0 0 51.14896964 433.6340516 309.4870743 282.2334879 314.6387257 340.6320668 389.040021 236.1671886 144.428408 172.1889203 285.5581208 170.0193877 249.7271889 92.84826903 19.48699527 0 0 0 0 0 0 0 0 0 0 0 0 0 0 0 0 0 0 0 0 0 0 0 0 0 0 0 0 0 0 0 0 0 0 0 0 0 0 0 0 0 0 0 0 0 0 0 0 0 0 0
29.90421417 20.41608645 107.5589195 869.8830687 2015.770999 1946.19692 1581.910516 1205.084748 1018.892451 834.8767853 661.3387307 378.7372729 203.810352 89.11838461 81.71793266 94.6712587 90.09111701 94.61005665 112.2791176 390.8367626 796.946553 464.9540533 183.8166057 175.6986454 259.459038 256.548031 214.6672433 118.3159792 93.1674251 129.0471492 191.9571501 159.7777327 70.18223407 114.9552273 23.02347256 20.05972705 30.37111511 44.67728239 0 0 0 0 0 0 0 0 0 0 0 0 0 0 0 0 0 0 58.97309119 502.3482945 241.224159 224.3327799 251.0442957 274.3578379 237.8718655 276.6739113 188.1039407 277.4662939 152.5345538 160.7819455 122.6444298 12.63271788 0 0 0 0 0 0 0 0 0 0 0 0 0 0 0 0 0 0 0 0 0 0 0 0 0 0 0 0 0 0 0 0 0 0 0 0 0 0 0 0 0 0 0 0 0 0 0 0 0 0 0
0 0 24.04648301 295.464285 2202.40477 4387.612445 5491.858296 5341.134743 3812.544989 2784.406507 1639.645862 1192.265159 871.1866793 474.2833357 560.4136668 190.8067529 134.9961252 122.9499813 270.8950515 725.4744349 1091.880195 808.9590336 377.3455535 242.0606759 383.4079728 390.0868639 347.4713576 203.2645391 203.0630443 211.6869264 255.1808919 312.5089719 218.3184064 141.2199094 161.4950562 142.128131 241.4078021 178.3121407 162.3723813 8.924307954 0 0 0 0 0 0 0 0 0 0 0 0 0 0 32.29649276 185.3353 215.5036416 278.2688068 272.1683023 386.3356971 386.2073831 334.2375606 437.3791839 344.8418723 311.5706158 240.0890318 256.512271 230.132785 208.1970532 253.5602014 206.9281593 74.24636229 0 0 0 0 0 0 0 0 0 0 0 0 0 0 0 0 0 0 0 0 0 0 0 0 0 0 0 0 0 0 0 0 0 0 0 0 0 0 0 0 0 0 0 0 0 0 0 0 0
55.2136019 44.29315335 255.069702 837.8103568 1277.164426 1524.989975 1346.0966 1514.780365 1684.246658 1390.612491 1185.812618 1137.184779 938.7063861 495.6018631 130.2134544 43.01880468 0 0 0 0 0 0 0 0 0 0 0 0 0 0 0 0 0 0 0 0 0 0 0 0 0 0 0 0 0 0 0 0 0 0 0 0 0 0 0 0 144.931501 341.0109716 167.3785387 132.7775577 124.7584681 80.0609598 92.0360994 158.1550622 283.5226358 140.6070537 121.5696197 36.91586817 19.79696373 5.516951904 0 0 0 0 0 0 0 0 0 0 0 0 0 0 0 0 0 0 0 0 0 0 0 0 0 0 0 0 0 0 0 0 0 0 0 0 0 0 0 0 0 0 0 0 0 0 0 0 0 0 0
0 0 0 0 0 0 0 0 0 0 0 0 0 0 0 0 0 0 0 0 0 0 0 24.99984847 32.86067848 179.8053806 417.6693144 1051.508466 1367.919231 2323.190584 2885.523715 4001.272744 3354.68879 2657.486265 1787.75465 1511.333937 1032.01892 837.6005817 514.5343691 230.9045929 122.5041606 65.75047154 54.40894195 10.92998217 0 0 0 0 0 0 0 0 0 0 0 0 0 0 0 0 0 0 0 0 0 0 0 0 0 0 0 0 0 0 0 0 0 0 0 0 0 39.46027115 31.47397189 28.79173005 54.48710215 411.8614749 394.7456529 161.9451173 182.0709908 108.4618685 160.5647449 186.2432757 118.0043281 384.3533757 348.4377136 186.6582389 126.0616387 92.70453294 24.84217583 18.50496131 0 0 0 0 0 0 0 0 0 0 0 0 0 0 0 0 0 0 0 0 0
0 0 0 0 0 0 0 0 0 0 0 0 0 0 0 0 0 0 0 0 0 0 0 46.20379128 94.99725182 286.8689198 545.310614 1247.815357 1997.544089 1450.084872 2136.531712 2650.895476 2697.383635 3234.769078 2882.894331 2342.642044 2333.349892 1535.11525 1184.157365 612.2078491 248.6824607 149.9175194 40.80616768 0 0 0 0 0 0 0 0 0 0 0 0 0 0 0 0 0 0 0 0 0 0 0 0 0 0 0 0 0 0 0 0 0 28.2742218 29.29412969 29.12983732 34.32201136 64.9474369 159.7696186 175.449434 149.9528839 90.52554169 193.8566027 165.3776641 277.2430195 379.5105903 441.4242342 226.7327008 90.08473269 98.03637248 44.90799435 27.57940805 0 0 0 0 0 0 0 0 0 0 0 0 0 0 0 0 0 0 0 0 0 0 0 0 0 0
0 0 0 0 0 0 0 0 0 0 0 19.15754311 79.87357866 236.8948914 160.1444908 177.9685302 261.3017752 427.9454123 523.9778567 834.0956265 2047.423673 3086.695339 3056.171857 3310.897443 2720.884819 2251.329437 1401.562974 907.9785411 745.1110772 257.7736017 97.15310649 82.26099553 0 0 0 0 0 0 0 0 0 0 0 0 0 0 0 0 0 0 0 0 0 0 0 0 0 0 0 0 0 0 0 0 0 0 0 0 0 0 0 0 0 0 0 2.112626339 180.9431791 78.33650914 90.04818896 204.7897142 286.639922 381.6497223 533.4238438 724.0972893 341.503269 132.6658226 22.21883609 0 0 0 0 0 0 0 0 0 0 0 0 0 0 0 0 0 0 0 0 0 0 0 0 0 0 0 0 0 0 0 0 0 0
0 0 0 0 0 0 0 0 0 0 0 0 29.96195184 77.14396267 347.249677 603.8518661 1126.290707 1338.618047 1314.230598 1569.642085 2154.445894 1721.777923 1808.591581 1562.495827 823.4726468 697.1463664 482.6205502 193.9249203 125.5430485 69.32767959 0 0 0 0 0 0 0 0 0 0 0 0 0 0 0 0 0 0 0 0 0 0 0 0 0 0 0 0 0 0 0 0 0 0 0 0 0 0 1.373396447 111.336313 101.0473982 143.3339723 271.1446975 220.5102863 199.3102522 211.4511445 173.5545054 236.6137337 220.9216518 147.1443052 151.9774526 138.8946255 126.0951049 76.93325001 21.49677603 22.85561063 24.05557277 22.98846208 22.46258567 8.555578608 0 0 0 0 0 0 0 0 0 0 0 0 0 0 0 0 0 0 0 0 0 0 0 0 0 0 0 0 0 0 0
0 0 0 0 44.33780194 117.5611862 177.3416657 258.2861133 413.3015286 401.0696106 504.8658368 647.8830389 792.5300896 910.9805656 917.3686946 2067.678167 3004.561712 3500.091443 4285.167986 2886.276773 2093.675923 1611.969539 819.161446 957.2893356 536.4457311 584.1820585 184.1403342 18.9332141 0 0 0 0 0 0 0 0 0 0 0 0 0 0 0 0 0 0 0 0 0 0 0 0 0 0 0 0 14.28903911 86.51146705 56.40236622 63.82841773 26.32212485 15.97890848 21.79793917 15.31617626 31.81503538 15.41524831 35.56280565 32.06086925 39.33619908 55.47711451 79.78578088 108.079032 128.6407349 98.6043416 175.025187 235.2492566 382.2001196 472.426416 264.700628 113.6513803 19.67634906 0 0 0 0 0 0 0 0 0 0 0 0 0 0 0 0 0 0 0 0 0 0 0 0 0 0 0 0 0 0 0 0 0 0 0 0 0 0 0 0
0 76.00146319 68.98551867 374.9697162 2120.092671 3567.428502 3241.302494 1866.095976 1310.662133 667.4573264 252.1683513 103.5055288 132.6548163 73.24913795 82.35137834 0 0 0 0 0 0 0 0 0 0 0 0 0 0 0 0 0 0 0 0 0 0 0 0 0 0 0 0 0 0 0 0 0 0 0 0 0 0 0 0 2.022728806 121.9599644 226.8936375 134.0668294 131.5699233 72.60305795 93.03155405 141.0542929 306.3771013 444.0488554 223.1076496 2.425069669 0 0 0 0 0 0 0 0 0 0 0 0 0 0 0 0 0 0 0 0 0 0 0 0 0 0 0 0 0 0 0 0 0 0 0 0 0 0 0 0 0 0 0 0 0 0 0 0 0 0 0 0 0 0
0 77.46164192 261.7761137 1279.312599 3348.086104 3121.545444 2050.703721 1198.905533 526.8762053 229.3724382 134.6153808 47.97257812 55.04633489 28.65489207 25.23270764 0 0 0 0 0 0 0 0 0 0 0 0 0 0 0 0 0 0 0 0 0 0 0 0 0 0 0 0 0 0 0 0 0 0 0 0 0 0 0 0 0 42.17473398 221.6850745 263.3918153 110.4354307 207.1206802 109.892895 330.8058093 513.3899793 204.1787227 47.64495667 1.152056023 0 0 0 0 0 0 0 0 0 0 0 0 0 0 0 0 0 0 0 0 0 0 0 0 0 0 0 0 0 0 0 0 0 0 0 0 0 0 0 0 0 0 0 0 0 0 0 0 0 0 0 0 0 0
0 0 1.239813954 227.5752778 593.7916403 1703.681795 1850.94899 1765.062534 1936.52597 1595.6792 1236.910861 816.2438186 638.0766086 431.1870549 277.5732895 0 0 0 0 0 0 0 0 0 0 0 0 0 0 0 0 0 0 0 0 0 0 0 0 0 0 0 0 0 0 0 0 0 0 0 0 0 0 0 13.43303156 150.8605628 66.87825697 186.1151428 167.630249 126.059739 152.965243 127.904735 131.673023 125.8198613 158.4953488 211.1685692 194.620746 119.6480955 72.81262679 13.39434718 0 0 0 0 0 0 0 0 0 0 0 0 0 0 0 0 0 0 0 0 0 0 0 0 0 0 0 0 0 0 0 0 0 0 0 0 0 0 0 0 0 0 0 0 0 0 0 0 0 0 0
0 0 6.385738223 75.19191433 450.8226579 835.0972313 1113.125193 1236.324818 1601.491904 1651.974076 1487.058037 1461.664378 1278.074107 1188.819922 614.4391652 0 0 0 0 0 0 0 0 0 0 0 0 0 0 0 0 0 0 0 0 0 0 0 0 0 0 0 0 0 0 0 0 0 0 0 0 0 0 0 0 0 53.472917 191.668971 325.4984578 158.5980979 168.5612622 148.0552149 122.9922208 198.4913177 403.1375091 278.322103 264.558323 166.8916732 67.29481333 24.72865698 2.999047937 0 0 0 0 0 0 0 0 0 0 0 0 0 0 0 0 0 0 0 0 0 0 0 0 0 0 0 0 0 0 0 0 0 0 0 0 0 0 0 0 0 0 0 0 0 0 0 0 0 0
0 0 4.479196817 182.9022825 988.7119715 1982.677565 1876.822752 1744.721092 1489.148416 1249.309325 1268.102866 1298.079157 1203.949587 760.6594392 388.8188388 19.94625293 16.78158005 64.02180491 226.1808903 147.5367214 147.3601368 102.8910066 84.41818092 39.79549825 58.78178408 45.34886069 14.978136 9.046294619 0 0 0 0 0 0 0 0 0 0 0 0 0 0 0 0 0 0 0 0 0 0 0 0 0 0 0 0 64.77573502 351.324416 136.3888186 141.3698605 143.5228644 155.1915687 135.9240063 290.2357723 365.6198649 192.0019439 53.54813775 32.57658755 35.15098907 36.49959164 0 0 0 0 0 0 0 0 0 0 0 0 0 0 0 0 0 0 0 0 0 0 0 0 0 0 0 0 0 0 0 0 0 0 0 0 0 0 0 0 0 0 0 0 0 0 0 0 0 0 0
16.12850637 80.76077239 208.7132298 526.9018118 951.9788959 1086.948335 1405.198306 1841.333617 1654.791714 1981.174221 2019.779915 2028.236803 1982.686751 1704.487993 1490.642289 19.80409986 39.38315096 9.527650002 10.6060009 9.222958937 10.44082163 8.752544149 27.96707703 70.22016262 155.7635176 151.0311828 212.8681111 153.9816505 151.8946336 123.442391 74.43327421 89.68565609 61.76731373 54.82664418 95.74918384 44.4879361 26.17189269 10.90261897 9.259402745 0 0 0 0 0 0 0 0 0 0 0 0 0 13.01223238 76.04686921 57.51901165 84.70774892 191.2839525 264.8227535 235.7776186 282.528065 218.1722045 198.467718 215.550969 293.4898297 239.8238875 254.8142479 117.5098564 136.1095542 95.85790052 67.5653358 53.68897762 33.69173691 0 0 0 0 0 0 0 0 0 0 0 0 0 0 0 0 0 0 0 0 0 0 0 0 0 0 0 0 0 0 0 0 0 0 0 0 0 0 0 0 0 0 0 0 0 0 0 0 0
0 9.584370183 32.03782428 152.2673562 613.2110574 1112.336935 1364.646598 1825.226105 1712.797683 1896.454555 1301.109607 1255.372305 1174.450481 916.4999579 435.662894 54.96118655 83.70972848 103.3182822 67.30519686 65.88005434 42.66500314 33.82474874 32.96579187 36.76732378 27.14308146 29.12123758 60.14589896 60.22262672 43.11271 47.26340311 40.47705965 47.58628974 31.54180924 51.24563707 33.00333215 23.23076215 40.99874715 4.297638224 0 0 0 0 0 0 0 0 0 0 0 0 0 0 0 0 0 13.22316713 51.00899126 229.3024061 443.4346408 324.2981703 292.1231837 293.3898843 260.3983798 278.6727499 221.113779 184.5747583 150.0873199 152.6400543 95.43921171 0 0 0 0 0 0 0 0 0 0 0 0 0 0 0 0 0 0 0 0 0 0 0 0 0 0 0 0 0 0 0 0 0 0 0 0 0 0 0 0 0 0 0 0 0 0 0 0 0 0 0 0
0 0 0 0 0 0 0 0 0 0 0 0 0 0 0 673.7686894 1572.354442 2327.303195 2500.249199 2843.922709 2490.579572 1352.206839 1465.039679 1024.632071 891.2523452 1123.070725 645.5582002 390.5686644 435.822053 405.9149175 383.3567259 180.8218777 249.7512632 410.8090935 223.012769 435.147432 283.0347628 366.2844113 161.1270308 108.9083926 118.8258818 4.705915549 0 0 0 0 0 0 0 0 0 0 0 0 0 0 0 44.6899026 45.71904216 53.57696561 101.3683655 129.4455828 66.62301732 43.81268563 17.98466849 16.89039708 16.90905951 18.59668963 18.57010003 33.70583888 23.46812836 18.31216489 17.09373107 19.14156415 18.42453294 47.13286038 715.3735904 690.7287382 332.7743555 178.9964847 124.5639192 86.4550824 62.08418318 52.49371573 19.84501982 33.03971444 18.41142766 0 0 0 0 0 0 0 0 0 0 0 0 0 0 0 0 0 0 0 0 0 0 0 0 0 0 0 0 0 0 0 0 0 0
0 0 0 0 0 0 0 0 0 0 0 0 0 0 0 0 0 0 0 20.06120114 78.22460405 487.9252495 995.3142908 826.5770991 667.1098822 426.2010916 313.6366449 284.2334173 371.7245741 671.5046456 1046.299498 1206.968612 1257.090434 1572.637806 1303.046541 798.4252866 427.3518137 186.5814539 68.45868958 31.25606367 13.87184033 0 0 0 0 0 0 0 0 0 0 0 0 0 0 0 0 0 0 0 0 0 0 0 0 0 0 0 0 0 0 0 0 0 0 0 100.036608 51.46352212 258.7146741 361.9258991 176.0099948 143.9378706 139.5003451 70.24293358 22.6968826 2.311244865 0 0 0 0 0 0 0 0 0 0 0 0 0 0 0 0 0 0 0 0 0 0 0 0 0 0 0 0 0 0 0 0 0 0 0
0 0 0 0 0 0 0 0 0 0 0 0 0 0 0 0 0 0 96.15787836 121.7076288 207.2467248 425.8355594 437.4617695 458.3295448 973.3510879 1543.324255 2106.191619 2227.077406 2403.996148 2720.816797 3261.530835 3169.334661 3691.208706 3943.519345 3297.470845 2272.202413 1965.117828 1374.540664 1037.256812 459.0219598 351.6500362 125.6178154 113.5898183 184.3330889 223.6785919 22.67899709 0 0 0 0 0 0 0 0 0 0 0 0 0 0 0 0 0 0 0 0 0 0 0 0 0 0 0 0 0 0 170.3241155 367.5436568 262.5538437 175.4193015 171.6930348 83.67564353 40.30805321 52.79226322 76.0756204 130.7555777 168.1216787 568.9248241 248.7346918 154.3900734 25.80188486 0 0 0 0 0 0 0 0 0 0 0 0 0 0 0 0 0 0 0 0 0 0 0 0 0 0 0 0 0 0
0 0 0 0 0 0 0 0 0 0 0 0 0 0 0 16.414363 26.07907784 78.89364987 139.2256853 251.627885 465.5595851 797.0506944 761.9307114 1059.69718 680.7399606 1272.717149 1119.281567 973.0172567 1402.197726 1553.330727 1710.671599 1617.313088 1676.268067 1259.659124 867.262366 585.0890203 721.5150479 459.1464313 424.5215386 202.9274319 86.20858017 0 0 0 0 0 0 0 0 0 0 0 0 0 0 0 0 0 0 0 0 0 0 0 0 0 0 0 0 0 0 0 0 0 0 0 184.5109443 199.1706025 220.8101644 197.0517568 197.3059288 183.3302115 188.8319903 293.4072602 254.1233261 270.7394877 103.7447809 71.88325034 67.40757909 18.395008 0 0 0 0 0 0 0 0 0 0 0 0 0 0 0 0 0 0 0 0 0 0 0 0 0 0 0 0 0 0 0
0 0 0 0 0 0 0 0 0 0 0 0 0 0 0 0 0 0 19.12134936 118.7198213 152.3151933 300.7296663 389.5112107 784.4226044 1257.455181 1284.16697 1479.436112 2011.773761 1807.11387 1512.509796 1760.452247 2017.162709 1833.463874 2170.50893 1636.068622 1525.595139 1104.624997 697.854196 432.8483642 314.8695343 285.9230978 123.6472197 0 0 0 0 0 0 0 0 0 0 0 0 0 0 0 0 0 0 0 0 0 0 0 0 0 0 0 0 0 0 0 0 0 0 189.2844135 311.7745354 235.4053629 51.58536652 45.20321014 32.47021032 32.14726385 111.7116336 116.9835932 156.8285728 336.141896 465.6521743 371.242523 166.4655895 208.1526853 127.5792054 98.71943695 73.60336675 45.51753797 16.83454876 4.967396037 0 0 0 0 0 0 0 0 0 0 0 0 0 0 0 0 0 0 0 0 0 0 0 0
0 0 0 0 0 0 0 0 0 0 0 0 0 0 0 0 0 0 0 0 66.39977378 24.12997799 21.29597028 165.6210439 315.7077633 479.4880624 784.0953793 1361.901479 1328.886468 1341.610577 1395.940691 1376.819593 1375.03995 1381.659761 1226.473677 1235.433946 864.0279916 627.6606867 660.6205108 264.9805228 157.4578415 39.48912097 17.51150535 5.017985594 0 0 0 0 0 0 0 0 0 0 0 0 0 0 0 0 0 0 0 0 0 0 0 0 0 0 0 0 0 0 0 0 97.5128532 31.2755296 55.24786011 115.3851243 102.7880026 109.1248219 191.7630582 337.4291976 427.1007768 352.0647001 108.8266605 53.3881806 45.36143826 26.51327173 29.67826283 18.73835351 15.4700926 0 0 0 0 0 0 0 0 0 0 0 0 0 0 0 0 0 0 0 0 0 0 0 0 0 0 0 0
0 0 0 0 0 0 0 0 0 0 0 0 0 0 0 0 0 0 0 0 0 0 0 0 0 11.10812653 25.95897915 89.43452438 254.8486888 406.9437675 819.6312032 1050.869596 1286.183133 1179.977763 2103.478924 2078.22866 2292.184059 2227.782281 1713.546632 1428.753721 1218.82376 1026.28616 767.075687 758.3931654 566.2495979 468.6194678 380.0553916 216.8564428 103.522852 107.6594389 97.9748927 4.192942963 0 0 0 0 0 0 0 0 0 0 0 0 0 0 0 0 0 0 0 0 0 0 0 0 0 0 0 0 0 0 4.313886262 24.93545718 8.624431059 10.12642368 5.738832911 10.07956522 13.50430939 7.671112121 11.60230216 9.681819573 11.44046877 52.35082075 202.7311332 269.4868596 248.9249832 135.8800719 199.1359462 306.0288867 248.0035923 210.9709624 209.3337808 131.8390045 49.04743241 46.02266291 60.28071557 42.33098786 31.75039844 20.929148 0 0 0 0 0 0 0 0 0 0 0
0 0 0 0 0 0 0 0 0 0 0 0 0 0 0 0 0 0 0 0 0 2.61549949 65.89370974 214.8582737 185.6306286 192.1148314 194.4796939 225.7889986 299.2699251 278.9016213 455.2055631 602.717289 656.3044794 1031.355327 1371.000035 1570.403882 1574.379062 1223.585904 856.5624224 830.9102085 857.087492 403.5449782 258.7964236 363.0958179 96.75432371 5.523175851 0 0 0 0 0 0 0 0 0 0 0 0 0 0 0 0 0 0 0 0 0 0 0 0 0 0 0 0 3.64128314 24.80013808 14.46504373 13.22012809 16.89388529 39.23507676 50.34867101 61.20143478 24.77196164 21.04080863 38.15308808 89.55113012 158.2587243 175.9601123 185.4712681 112.0115656 66.60416578 123.3520521 103.0003013 73.05756572 105.5356245 210.1169962 161.954016 256.9305447 182.9482107 177.4910251 93.85136091 167.9631595 74.22159001 0 0 0 0 0 0 0 0 0 0 0 0 0 0 0 0 0 0
0 0 0 0 0 0 0 0 0 0 0 0 0 0 0 0 0 0 0 0 0 0 58.53832439 65.99998454 42.46046215 102.9717177 102.3089142 121.45194 149.5410879 119.3861944 144.2016308 228.3858111 300.4491814 587.2921575 688.8358223 968.3294705 1328.116965 1707.490039 1897.186125 2186.947333 1916.290041 1595.085104 1416.832889 1275.645576 1259.716759 880.2647658 350.072122 256.9961124 129.1101766 17.17480374 4.168317587 0 0 0 0 0 0 0 0 0 0 0 0 0 0 0 0 0 0 0 0 0 0 0 0 0 0 0 0 0 0 0 0 0 0 0 0 0 0 0 0 0 0 0 0 0 0 0 0 0 2.696686037 44.74821572 54.83427632 67.29487416 96.49451997 141.2750537 291.4994569 309.7606938 257.1340004 234.6625238 258.4546558 298.1036434 265.781517 335.6336709 167.3404758 62.30890379 60.83519937 89.20741799 57.0770525 16.02776069 3.250932572
0 0 0 0 0 0 0 0 0 0 0 0 0 0 6.176758046 36.47897966 41.50232113 61.04525106 84.84705919 104.3255722 128.4935587 243.3048991 311.2040259 405.1054217 423.7736499 698.9765952 959.8996963 1008.578375 1161.723589 1384.023833 1304.350143 1272.233973 1293.342768 1779.233518 1514.453282 1967.915633 1197.151411 1015.746376 813.008938 831.6357531 531.7077647 365.0539697 180.2736778 111.9528008 40.09473442 23.8136072 8.035638226 0 0 0 0 0 0 0 0 0 0 0 0 0 0 0 0 0 0 0 0 0 0 0 15.39520794 31.36893101 30.0866254 42.36253803 67.95513068 50.69480249 42.24741807 27.67729762 84.6374879 82.00326359 131.0833163 98.65421598 61.2786608 127.8040646 88.62051144 87.4547813 58.62384029 97.77863105 126.7817639 185.6658276 355.7478718 250.2293033 110.7175725 242.2097458 225.1885511 109.3873628 52.05242497 33.37868768 34.30711193 37.75687589 0 0 0 0 0 0 0 0 0 0 0 0 0 0 0 0 0 0 0 0 0
54.05387564 262.8266119 761.2136513 1781.065035 2574.503047 2617.147093 1775.208254 1253.527229 765.7235179 360.9663103 269.1721529 118.6151463 22.93133058 0 0 0 0 0 0 0 0 0 0 0 0 0 0 0 0 0 0 0 0 0 0 0 0 0 0 0 0 0 0 0 0 0 0 0 0 0 0 0 0 0 49.42104217 183.6906264 131.8817398 163.2085686 216.4813891 162.8257293 129.5207486 102.5434841 142.6032928 364.3154784 388.1385395 116.4273619 3.802283549 0 0 0 0 0 0 0 0 0 0 0 0 0 0 0 0 0 0 0 0 0 0 0 0 0 0 0 0 0 0 0 0 0 0 0 0 0 0 0 0 0 0 0 0 0 0 0 0 0 0 0 0 0 0
0 21.00832102 64.92893398 132.2918139 472.5308649 1178.297727 1735.802012 2156.193359 1865.8195 1604.171322 1174.400818 588.9598829 283.5756933 268.3277526 164.7625615 0 0 0 0 0 0 0 0 0 0 0 0 0 0 0 0 0 0 0 0 0 0 0 0 0 0 0 0 0 0 0 0 0 0 0 0 0 0 0 0 4.104542589 116.7793339 133.2646028 109.6846486 130.8562304 51.92160334 106.3054835 119.1167122 127.1911086 524.8901172 205.739769 154.167752 50.41389337 0 0 0 0 0 0 0 0 0 0 0 0 0 0 0 0 0 0 0 0 0 0 0 0 0 0 0 0 0 0 0 0 0 0 0 0 0 0 0 0 0 0 0 0 0 0 0 0 0 0 0 0 0
0 17.34839667 303.8296706 626.3956703 1690.076392 3642.718278 3100.750486 2160.080223 1495.28985 715.3338202 302.0035376 203.6520884 89.54632583 68.98798976 32.74905129 0 0 0 0 0 0 0 0 0 0 0 0 0 0 0 0 0 0 0 0 0 0 0 0 0 0 0 0 0 0 0 0 0 0 0 0 0 0 0 0 0 293.305311 187.7618135 130.1985911 154.8388955 154.8467575 143.2534145 259.5497325 291.6122505 261.4776557 163.1065058 51.00307186 27.68551974 2.199811452 0 0 0 0 0 0 0 0 0 0 0 0 0 0 0 0 0 0 0 0 0 0 0 0 0 0 0 0 0 0 0 0 0 0 0 0 0 0 0 0 0 0 0 0 0 0 0 0 0 0 0 0
0 6.275089268 197.406598 286.1604807 1107.458384 2309.053663 2127.458305 1966.277451 1648.002922 1302.428969 1562.095614 1429.498757 1269.554595 768.8481713 349.1696199 182.8688342 114.0959705 3.745438798 0 0 0 0 0 0 0 0 0 0 0 0 0 0 0 0 0 0 0 0 0 0 0 0 0 0 0 0 0 0 0 0 0 0 0 0 0 0 15.86736278 422.1952261 236.5282132 103.7433361 202.062 152.417912 95.98767859 142.6320822 325.4812922 280.0246603 33.07017815 0 0 0 0 0 0 0 0 0 0 0 0 0 0 0 0 0 0 0 0 0 0 0 0 0 0 0 0 0 0 0 0 0 0 0 0 0 0 0 0 0 0 0 0 0 0 0 0 0 0 0 0 0 0
0 0 0 0 0 0 0 0 0 0 0 0 0 0 0 0 0 0 0 0 0 0 0 0 0 0 0 30.63273602 172.7928819 538.7846347 803.8091816 1740.050727 2142.412675 2161.915809 1645.816979 1874.468071 1778.79127 1431.992665 915.2040983 616.8871877 210.7212441 37.53310907 3.580402957 0 0 0 0 0 0 0 0 0 0 0 0 0 0 0 0 0 0 0 0 0 0 0 0 0 0 0 0 0 0 0 0 0 0 0 0 14.68410054 18.8863478 18.25813897 24.72336473 16.44295865 18.07266188 23.84772155 15.80261408 65.43842392 126.5053484 168.8328455 121.9750339 155.8620063 419.6229042 345.922943 230.9418948 179.2764396 116.6216429 94.76268789 34.46005586 15.61177301 0 0 0 0 0 0 0 0 0 0 0 0 0 0 0 0 0 0 0 0 0
0 0 0 0 0 0 0 0 5.852511605 72.55906038 150.6639471 194.7582609 311.4724002 843.1687903 1124.398845 1385.768797 1480.601801 1205.518779 1168.014155 987.1939264 1227.578899 1653.102072 1119.238895 799.8643721 542.4212814 383.4837688 211.2449083 90.36653337 46.17324933 26.90739697 0 0 0 0 0 0 0 0 0 0 0 0 0 0 0 0 0 0 0 0 0 0 0 0 0 0 84.93431625 362.5395881 257.7884834 133.6337398 106.9105696 75.82899383 56.74472668 42.41429194 32.61793068 33.31873086 49.11074733 30.51820548 32.84007865 38.63246387 30.53772871 32.85029558 36.04990822 50.43698548 50.38085751 53.29990174 49.0774257 58.13077681 121.0314435 127.9371681 204.5947053 89.84876439 110.3111437 56.68518411 0 0 0 0 0 0 0 0 0 0 0 0 0 0 0 0 0 0 0 0 0 0 0 0 0 0 0 0 0 0 0 0 0 0 0 0 0
