31 50 448.53
33 49 762.02
15 25 1185.7
32 48 1562
6 51 1858.2
18 19 2092.5
4 5 2200.9
55 56 2456
36 37 2943.5
16 58 3110.7
26 27 3181.9
14 57 3222.3
8 10 3250
3 60 3323.2
22 23 3389.9
35 59 3898.2
34 61 4042.6
7 9 4179.7
54 65 4392.5
42 43 4499.5
63 70 5578.2
47 73 5759.3
39 41 5850.3
29 53 6926.1
1 2 7282.3
21 24 8896.3
44 46 9017.1
66 71 9734.7
20 69 10167
72 78 11392
28 81 12166
45 52 12348
40 75 12815
62 68 12988
17 74 14550
64 85 14851
82 87 16352
76 86 23167
67 88 25421
30 77 26639
13 83 27590
38 84 31678
79 90 31847
11 12 40374
95 97 57061
80 89 58020
92 96 61731
91 99 87853
93 98 1.3126e+05
94 100 1.3482e+05
101 102 3.848e+05
103 104 5.9402e+05
