18 47 14489
33 45 16354
11 41 19039
31 50 20685
25 55 21080
39 48 23410
17 35 25019
32 34 26162
2 56 27451
26 44 27647
19 37 27845
46 52 31407
29 61 32208
28 54 35240
16 20 35849
53 58 36360
27 42 41403
64 65 42682
57 59 43115
62 69 47585
14 67 48674
23 51 51639
15 66 52595
5 13 53330
3 30 53830
36 63 54196
4 21 59751
49 72 63361
60 71 64491
7 40 69592
68 75 70014
10 38 71374
73 81 82778
70 85 84862
1 78 89796
8 12 90259
79 87 95949
6 43 1.0124e+05
77 88 1.0295e+05
74 86 1.0862e+05
9 90 1.2101e+05
82 84 1.2472e+05
22 24 1.3215e+05
89 91 1.5069e+05
76 93 1.545e+05
80 83 1.6595e+05
94 95 1.6926e+05
92 100 1.9417e+05
96 99 2.4268e+05
97 102 2.6947e+05
98 101 2.7751e+05
103 104 3.9883e+05
