0.000000000000000000e+00 1.042074448335166492e+00 1.042074448335166492e+00 -2.663762455184103262e-01 -1.043093127384996377e+00 -2.696499720554085822e-01 2.220446049250313081e-16 1.050818273871367614e+00 1.050814402747381360e+00 1.050814402747381804e+00 -9.626543761022069434e-01 -3.447118973364859951e-01 -8.777850869566720948e-02 7.175039567759964321e-01 5.275856170860446781e-01 -1.269280024286726649e-01 0.000000000000000000e+00 1.297171706020940452e+00 9.698421347905504808e-01 -9.262849400172333825e-01
0.000000000000000000e+00 -5.302231405474160386e-01 -5.302231405474160386e-01 -1.908755280876947569e-01 -1.715895651202207439e+00 4.003738564534665700e-01 2.220446049250313081e-16 -4.520302940078733678e-01 -4.520265154502197125e-01 -4.520265154502193794e-01 -1.015494127499302790e+00 -5.450329469719719100e-01 -1.161377191973445022e+00 -2.287316186008402086e-01 -4.805297372222120528e-02 -2.209723380976214901e+00 0.000000000000000000e+00 3.794228323603767161e-01 1.029086685080453090e-01 -1.563178474684019104e-01
0.000000000000000000e+00 1.524937413448852919e+00 1.524937413448852919e+00 -2.231003276285371539e-01 -5.192851015212935906e-01 1.805026563668414019e-01 2.220446049250313081e-16 1.715051030491302919e+00 1.715045652153026845e+00 1.715045652153027511e+00 -3.140180654420203776e-01 -4.274655163673412583e-01 -4.456447364549264711e-01 3.232673458542351108e-01 1.020625808081064401e+00 -7.659521516992182644e-01 0.000000000000000000e+00 -9.939304374745021597e-01 -1.191214647537172322e+00 -6.575929753070970385e-01
0.000000000000000000e+00 8.345630914268052924e-01 8.345630914268052924e-01 -4.347194353275515843e-01 -4.459539132708755793e-01 1.318617623068613076e-01 2.220446049250313081e-16 1.360585566605767349e+00 1.360590236110102325e+00 1.360590236110102991e+00 -4.130109503788700898e-01 6.806039263833402186e-01 -8.777850869566720948e-02 2.851809407630382376e-01 1.441410109016469043e+00 -7.047161545986680986e-01 0.000000000000000000e+00 -1.271612719128535574e+00 -1.245047514783695908e+00 -1.065410028463980030e+00
0.000000000000000000e+00 1.405219322924798453e+00 1.405219322924798453e+00 2.952167403108564292e-01 -1.701345864429963106e-01 9.095776071846952693e-01 2.220446049250313081e-16 2.147342164179969259e+00 2.147345784114817135e+00 2.147345784114817580e+00 1.501690089245626414e-01 -3.010290617965746263e-01 -8.777850869566720948e-02 -6.363703324527047230e-04 1.220675448795135454e+00 -1.388244890738354220e+00 0.000000000000000000e+00 -1.918378906625340496e+00 -2.259659585972312090e+00 -5.651969242012212513e-01
0.000000000000000000e+00 -1.216606859551995212e+00 -1.216606859551995212e+00 -1.048350764246514855e+00 -6.538901198062393449e-01 -1.095468250911377783e+00 2.220446049250313081e-16 -8.137427820701521597e-01 -8.137346662008033693e-01 -8.137346662008032583e-01 -5.486513141636727431e-01 8.593329122740095416e-01 1.224397659754949963e+00 -1.685367340427587068e+00 -6.888635437999436339e-01 1.679389260075911272e+00 0.000000000000000000e+00 1.377311629218886502e+00 6.985071184270401634e-01 1.724525905502623413e+00
0.000000000000000000e+00 1.070008669457445771e+00 1.070008669457445771e+00 2.489328257105963005e-01 9.543253509925866407e-01 5.145172341803857380e-02 2.220446049250313081e-16 1.188695979606870345e+00 1.188694558793530032e+00 1.188694558793530476e+00 3.150654744913616856e-01 1.187155506322286058e-01 -8.777850869566720948e-02 6.208914425279934424e-01 9.497867001794810804e-01 -3.586122276791780528e-01 0.000000000000000000e+00 9.641699073186424940e-01 1.128229428342475416e+00 -8.891141148596958255e-01
0.000000000000000000e+00 1.405219322924798453e+00 1.405219322924798453e+00 -7.060930515907334337e-01 1.192850088282710441e+00 -2.895831547078416002e-02 2.220446049250313081e-16 1.586225963430817121e+00 1.586216752628835769e+00 1.586216752628836213e+00 -1.881841682063531973e-01 2.099508122711012170e+00 1.701552630100629182e+00 -3.669006326261233242e-01 1.713007248711139408e+00 1.691154286290506237e+00 0.000000000000000000e+00 5.944160419268441631e-01 -2.889714511252290396e-01 2.210211328775501388e-02
0.000000000000000000e+00 2.235264750558243030e+00 2.235264750558243030e+00 2.093070217616078033e+00 9.133396812632316175e-02 -5.460594807357369573e-01 2.220446049250313081e-16 1.637348191606422088e+00 1.637347554860326015e+00 1.637347554860326238e+00 -1.042576600097623457e-01 3.257671641142602104e-01 8.665314319956908262e-01 3.913150562838369484e-01 1.101382391088869372e+00 -7.049090238808747300e-01 0.000000000000000000e+00 -3.579155055978027744e-01 -1.444041544067483362e-01 -1.106508337034439737e-01
0.000000000000000000e+00 8.225912823743998237e-01 8.225912823743998237e-01 -6.031672511092277533e-01 2.577274468761173720e-01 -3.784189085880569903e-01 2.220446049250313081e-16 9.836174784968519935e-01 9.836239736632166331e-01 9.836239736632169661e-01 -7.335990386780036898e-01 -1.182505665376516885e-01 5.086652042364315784e-01 -1.757068790683211923e-01 8.620878845973208859e-01 3.084744021524058466e-01 0.000000000000000000e+00 -3.834480071172270688e-02 -2.215868503444491308e-02 1.293664944566222941e-01
0.000000000000000000e+00 -2.628527383770276615e-01 -2.628527383770276615e-01 2.840086830030232323e-01 -9.222389165035667080e-01 -4.782135104232925760e-01 2.220446049250313081e-16 -2.542233832582487807e-01 -2.542282141777212900e-01 -2.542282141777211235e-01 -8.006199204923423185e-01 -7.221221807933286829e-01 -2.070672512820869726e-01 -9.335560761557865073e-02 -1.149999404500422553e-02 -3.961253030683368759e-01 0.000000000000000000e+00 -1.695537599484554070e+00 -1.924289505747015960e+00 -2.126050969926529255e-01
0.000000000000000000e+00 8.385536944442737450e-01 8.385536944442737450e-01 -1.237841231994961377e-01 7.464665592772284919e-01 6.270655509101262792e-01 2.220446049250313081e-16 1.687635169537926805e+00 1.687637743635133525e+00 1.687637743635134413e+00 4.326657214605326152e-01 2.306013152169939850e+00 1.940130115273468681e+00 -2.352091020662917753e+00 3.184618876258630937e+00 1.172673438398994294e+00 0.000000000000000000e+00 1.600663381730363710e+00 9.107634572276663842e-01 2.603881426372171681e+00
0.000000000000000000e+00 2.203339926418494965e+00 2.203339926418494965e+00 3.809969595431560441e-01 6.004718855989414905e-01 -2.167362787170418859e+00 2.220446049250313081e-16 1.149426935042380027e+00 1.149430090706377250e+00 1.149430090706377472e+00 2.649760029327615785e-01 -3.828012233844841905e-01 2.700877190635920244e-01 1.756670360575346646e+00 -9.820706211654217643e-02 2.987472400517941426e-02 0.000000000000000000e+00 -6.408298523013852277e-01 8.435809071760622668e-01 -1.610228122915783766e+00
0.000000000000000000e+00 -5.135077845119804391e-02 -5.135077845119804391e-02 1.401610490136861731e-01 -6.275787578567950664e-01 5.039376788616158898e-01 2.220446049250313081e-16 -2.106552565550123823e-01 -2.106629330563767888e-01 -2.106629330563765112e-01 -4.218891974825132452e-01 -6.725146936161201516e-01 -6.842222216277660252e-01 1.041069127139646389e+00 -7.884633295095697658e-01 1.114571567134298391e+00 0.000000000000000000e+00 6.024236536795036789e-01 2.068480687763613324e-01 -9.358431522005901115e-01
0.000000000000000000e+00 -4.623828892504518451e-01 -4.623828892504518451e-01 -1.434760637312152420e+00 -8.661131719994196176e-01 -7.154949198228994778e-01 2.220446049250313081e-16 -9.345101408934447518e-01 -9.345093158609629747e-01 -9.345093158609628636e-01 -1.075192389243647018e+00 -1.345966055046520671e+00 -6.842222216277660252e-01 6.570312091367518370e-01 -7.408594489997057941e-01 -1.560043203863761496e+00 0.000000000000000000e+00 4.932419170386532353e-02 6.242548406660751448e-02 -2.391556863908974317e-01
0.000000000000000000e+00 -6.978284672810923794e-01 -6.978284672810923794e-01 -7.226762682375630353e-01 -4.367747796365239327e-02 -4.880852785904474245e-01 2.220446049250313081e-16 -7.177135701823872393e-01 -7.177092406374000477e-01 -7.177092406374000477e-01 -3.362437643868627091e-01 2.002722703424179573e-01 2.178707600446307957e+00 4.726930084953602229e-01 -5.469019715651707303e-01 1.030480560092284170e+00 0.000000000000000000e+00 1.126363923854617255e+00 1.514682847648479269e+00 -8.540673368540310229e-01
0.000000000000000000e+00 -7.058096733160293956e-01 -7.058096733160293956e-01 3.984433404634010745e-01 -2.714802626829839749e-01 -3.477266839229039563e-01 2.220446049250313081e-16 -5.850561784725052394e-01 -5.850584822578253075e-01 -5.850584822578253075e-01 8.847773484112207987e-01 -1.883130631050441983e-01 -8.035109642141857744e-01 9.174432112764004110e-02 -5.042568286084175844e-01 -1.715013672116647570e+00 0.000000000000000000e+00 -3.989106494311481788e-01 7.059236088743088278e-01 -1.616279653480366396e-01
0.000000000000000000e+00 1.920760056143794581e-01 1.920760056143794581e-01 -1.163033661632291160e-01 -8.433961217165676649e-02 -9.899300748697977825e-01 2.220446049250313081e-16 -1.553690602507366569e-01 -1.553681618417827037e-01 -1.553681618417823429e-01 -1.392205924566369823e-01 -6.961295172128627584e-01 -4.456447364549264711e-01 2.422279394657450291e-01 -1.639457542492114561e-01 -1.160791053045579085e-01 0.000000000000000000e+00 4.702718753577212613e-02 4.100960850337181940e-01 1.973360033161027927e-01
0.000000000000000000e+00 -1.630876629403155698e-01 -1.630876629403155698e-01 -3.580285974592479770e-01 5.202798089255166181e-01 -3.218907596185306003e-02 2.220446049250313081e-16 -5.333566449811260046e-01 -5.333509800967500825e-01 -5.333509800967500825e-01 5.816355370239061767e-02 -1.967033273429134865e-01 -6.842222216277660252e-01 1.127313675557265915e+00 -4.463104383449224555e-01 6.251785001862432412e-02 0.000000000000000000e+00 -9.449379148735487233e-02 -2.805057986146892723e-01 -9.305330343209553545e-01
0.000000000000000000e+00 -8.614431909973001567e-01 -8.614431909973001567e-01 1.343778237058657066e+00 -6.559996736513951099e-01 3.468868216568836704e-01 2.220446049250313081e-16 -1.364971093900187560e+00 -1.364981602283222406e+00 -1.364981602283222184e+00 5.718986382843700422e-01 3.708543615237530622e-01 -5.649334790413462759e-01 1.083852855525422987e+00 -1.042917405092056882e+00 1.638549189568696995e+00 0.000000000000000000e+00 -7.537020848946693885e-01 -7.541843811810122755e-01 -1.722482011073297459e-01
0.000000000000000000e+00 1.165783141876689522e+00 1.165783141876689522e+00 2.613283631307672827e+00 2.375748537970111318e+00 1.679934497610650723e+00 2.220446049250313081e-16 8.699128974729283259e-01 8.699163417842402657e-01 8.699163417842401547e-01 2.893530174701403723e+00 8.741545155282579582e-01 1.224397659754949963e+00 -9.856074964470815103e-02 1.145302637987851035e+00 -1.493490564851704117e-01 0.000000000000000000e+00 5.432757963510822519e-01 5.514435395580197241e-01 -1.425115409813232370e-01
0.000000000000000000e+00 -1.351534418180362074e-01 -1.351534418180362074e-01 3.159941259557539350e+00 2.215103109605741860e+00 1.482499134267558860e+00 2.220446049250313081e-16 -2.944996413523882084e-01 -2.944994634978781445e-01 -2.944994634978778114e-01 2.627724222935304166e+00 1.409336077770906304e+00 1.343686402341369712e+00 1.082371717549653889e+00 -2.741714061440750916e-01 -4.587468658140651107e-02 0.000000000000000000e+00 -2.729901570496607865e-01 2.449435050737980846e-01 -7.829117572667648739e-01
0.000000000000000000e+00 -6.020539948618487402e-01 -6.020539948618487402e-01 8.101203858962897630e-01 1.405866642380950049e+00 1.073987418841306773e+00 2.220446049250313081e-16 -7.791535954909828421e-01 -7.791522195758725511e-01 -7.791522195758723290e-01 2.667800956956880576e+00 6.134618641583728937e-01 -8.035109642141857744e-01 8.419618649684492695e-01 -6.698786628823193423e-01 3.220716865479613666e-01 0.000000000000000000e+00 -8.618846006447646868e-01 -2.009865498190875066e-01 -6.915777297368255194e-01
0.000000000000000000e+00 1.792307815619241351e+00 1.792307815619241351e+00 7.159831671077407922e-01 3.362323004123005887e+00 2.512752757530603009e+00 2.220446049250313081e-16 1.851958371972631356e+00 1.851958125266482291e+00 1.851958125266482957e+00 2.897371971850802197e+00 1.489608125543580686e+00 1.224397659754949963e+00 -1.862849988152558867e+00 3.316096260523969441e+00 -1.391186147292007069e+00 0.000000000000000000e+00 3.859948165079795657e-01 -6.513303209781502456e-01 2.157831524481814700e+00
0.000000000000000000e+00 -6.220070099491912252e-01 -6.220070099491912252e-01 -1.557094555698937732e+00 -9.144684039454925584e-01 -7.074180185952277933e-01 2.220446049250313081e-16 -9.411307273871138968e-01 -9.411267031885712786e-01 -9.411267031885711676e-01 -1.062635642856015750e+00 -8.934224115670634792e-01 -3.263559938685067219e-01 8.925744655118602600e-01 -8.748870411495013322e-01 7.583420028989724671e-01 0.000000000000000000e+00 -1.404328515507299979e+00 -9.067831943838521314e-01 -6.990118947683330308e-01
0.000000000000000000e+00 7.747040461647780596e-01 7.747040461647780596e-01 5.313575603228093414e-01 -3.564817350492643921e-01 2.028318170564234357e+00 2.220446049250313081e-16 3.613560466429044937e-01 3.613647496412494275e-01 3.613647496412494275e-01 -4.813554043654844627e-01 -3.235309195784669134e-02 -4.456447364549264711e-01 -6.543683546088998604e-01 4.452705737044048151e-01 7.948907318770980224e-01 0.000000000000000000e+00 1.429089931508006339e+00 1.314799385594028536e+00 1.136164844437710819e+00
0.000000000000000000e+00 1.641417844921000679e-01 1.641417844921000679e-01 9.625735061266467163e-01 -8.894053559686406762e-01 -5.911208005409288035e-02 2.220446049250313081e-16 7.603231522103756079e-01 7.603238060129779985e-01 7.603238060129784426e-01 -1.156627267150235894e-01 8.312017885739533263e-01 2.700877190635920244e-01 -9.728553376270613340e-01 4.359198114613958563e-01 3.559202455751991900e-01 0.000000000000000000e+00 -1.348827814430068328e-01 -2.979074176641324234e-01 7.761388521976351207e-01
0.000000000000000000e+00 -7.928499957347742710e-02 -7.928499957347742710e-02 -6.341888519659155676e-01 -2.301310719474291278e-01 1.138243655274785660e+00 2.220446049250313081e-16 1.423116701278740737e-01 1.423067475747361310e-01 1.423067475747362975e-01 -3.133648739803775451e-01 -7.202709765106983797e-01 -1.399954677146284521e+00 -8.446734253812433479e-01 6.834316544695279161e-01 -1.991540005480159303e+00 0.000000000000000000e+00 -1.321391375755607833e-01 -9.287794197103875771e-01 8.090615830514507056e-01
0.000000000000000000e+00 -9.013492211719850156e-01 -9.013492211719850156e-01 -1.529996428812320231e+00 -1.567805299920091155e-01 7.808856476237896471e-01 2.220446049250313081e-16 -6.724503768073024634e-01 -6.724529580276121798e-01 -6.724529580276121798e-01 -7.951709285623228540e-01 -1.063820978185896715e+00 -1.519243419732704270e+00 1.019709600460015110e-02 -2.291177335186680986e-01 -1.778805187206431881e+00 0.000000000000000000e+00 -7.871681595103726670e-01 -3.394397641688413070e-01 -7.160042719831972713e-01
0.000000000000000000e+00 1.062027463422508866e+00 1.062027463422508866e+00 -7.548615862793306430e-02 5.775861294347504060e-01 3.039895018032479634e-01 2.220446049250313081e-16 7.648433300019714665e-01 7.648396596988794593e-01 7.648396596988794593e-01 -7.219111601780325849e-02 -4.665921551599167549e-01 -2.070672512820869726e-01 7.844937115086230150e-01 1.202607466519406976e-01 5.191840929629659707e-01 0.000000000000000000e+00 -1.672790877653287156e+00 -1.436031188301421180e+00 -5.407703819548494995e-01
0.000000000000000000e+00 -1.750594719927210385e-01 -1.750594719927210385e-01 -1.085453749756811304e+00 -8.175256955933297709e-01 1.383601965902064634e+00 2.220446049250313081e-16 -9.244011563214787897e-01 -9.243926306555352301e-01 -9.243926306555352301e-01 -3.122819512939700726e-01 -7.922724499775699591e-01 2.700877190635920244e-01 8.717538973953422587e-01 -8.315335071137324174e-01 1.050635400082860382e+00 0.000000000000000000e+00 1.143336232429975396e+00 1.136695080853020290e+00 -1.064027393997220156e-01
0.000000000000000000e+00 -4.264674620932354943e-01 -4.264674620932354943e-01 -6.248248274240147948e-01 -1.135303854864309292e+00 -8.050587801030840707e-01 2.220446049250313081e-16 -1.121078022623203996e+00 -1.121076630369175042e+00 -1.121076630369175264e+00 -1.226844538463191192e+00 -9.935230914187732632e-01 -6.842222216277660252e-01 4.478522087303241639e-01 -9.601773270630076240e-01 -4.978028954608718082e-02 0.000000000000000000e+00 -1.308630241488448476e-01 4.026434165842665003e-01 2.355688520495531901e-01
0.000000000000000000e+00 -5.182513314950105698e-01 -5.182513314950105698e-01 -7.061584428235678779e-01 -7.871403787410845565e-01 -1.610415575848951342e+00 2.220446049250313081e-16 -9.584498868603484878e-01 -9.584472502262698645e-01 -9.584472502262697535e-01 -1.133893674546536667e+00 -2.096697366501297788e-01 2.700877190635920244e-01 -1.443067539820228617e-01 -7.881799730779633917e-01 -5.639215785879519993e-01 0.000000000000000000e+00 8.443428565497406169e-01 -1.486008026598377996e-01 3.863761998315292101e-01
0.000000000000000000e+00 -9.173116332418589369e-01 -9.173116332418589369e-01 -6.727827575848382979e-01 -1.166124630079086621e+00 -1.116468194103324540e+00 2.220446049250313081e-16 -9.993402995457373317e-01 -9.993440723514002144e-01 -9.993440723514001034e-01 -8.967422008477620166e-01 -9.328402958610009232e-01 -1.161377191973445022e+00 4.290205973241202897e-01 -1.186012403053255282e+00 4.111290776067955122e-01 0.000000000000000000e+00 -7.786820052226913758e-01 2.981975242854090213e-01 -7.348000854590637509e-02
0.000000000000000000e+00 -6.020539948618487402e-01 -6.020539948618487402e-01 4.588125266162128568e-01 7.399304844504159262e-02 7.227217991603730740e-02 2.220446049250313081e-16 -7.027896136150254547e-01 -7.027932390688178543e-01 -7.027932390688177433e-01 9.528897475364624947e-01 -3.865355492649621971e-01 -8.035109642141857744e-01 9.108136217277537083e-01 -8.795624222710058948e-01 1.069488372418537780e+00 0.000000000000000000e+00 3.539005638259992703e-01 1.280900597549676112e+00 -1.191790833999584187e+00
0.000000000000000000e+00 8.186006793569313711e-01 8.186006793569313711e-01 -1.391377379096669573e-02 7.899156270054389362e-01 -8.504689136719952858e-01 2.220446049250313081e-16 1.826124944056635446e-01 1.826170951952036103e-01 1.826170951952037769e-01 8.319633808876110148e-01 -2.672725112893882260e-01 -2.070672512820869726e-01 1.436321375530507316e+00 -5.357093925167205617e-01 -1.703718082456739669e-01 0.000000000000000000e+00 -1.389238474236351273e+00 -1.148488426960465603e+00 -1.545444684784088807e+00
0.000000000000000000e+00 -8.255277638400838613e-01 -8.255277638400838613e-01 -1.012647151118877042e+00 1.177986442841612247e+00 1.008115802162293129e+00 2.220446049250313081e-16 -7.559262688499284177e-01 -7.559278291912382430e-01 -7.559278291912381320e-01 1.107507042206884673e+00 -1.195073108243513288e-01 -1.280665934559864771e+00 -4.117579541779793906e-01 -4.640202153203182855e-01 1.779018980986368792e-01 0.000000000000000000e+00 1.144835665706370076e+00 -1.260257292983949506e-01 2.663675357515196684e-01
0.000000000000000000e+00 -6.332258750360349187e-02 -6.332258750360349187e-02 6.158299548984178529e-01 6.371181260191495221e-01 9.255519229460915653e-01 2.220446049250313081e-16 2.367195138947405242e-01 2.367193682503172525e-01 2.367193682503173358e-01 1.071461187073602161e+00 7.780553185186060705e-02 3.893764616500117737e-01 -4.833180775215494274e-01 5.848236162705239272e-01 -1.104727045894860815e+00 0.000000000000000000e+00 -7.391224889944071341e-01 -6.470401560024185983e-02 8.688555141944993843e-02
0.000000000000000000e+00 -1.420127613442887959e+00 -1.420127613442887959e+00 3.125846517517004708e-01 -4.107204933157720950e-01 3.625021640303828230e-01 2.220446049250313081e-16 -1.038265417539127711e+00 -1.038266430310833099e+00 -1.038266430310833099e+00 -3.459903928900104689e-03 -4.484272131366073277e-01 -6.842222216277660252e-01 3.181891585087419094e-01 -1.124807413826287128e+00 -2.946760606277401551e-01 0.000000000000000000e+00 -1.016900479155443238e+00 -2.036549846517144768e+00 -5.800652542642362741e-01
0.000000000000000000e+00 2.211321132453432092e+00 2.211321132453432092e+00 1.785509093102282785e+00 1.007979298720225042e-01 9.704235964331580089e-01 2.220446049250313081e-16 2.174500080205020058e+00 2.174499553680690145e+00 2.174499553680690145e+00 2.772998836453824736e-02 3.504990937436247012e-01 9.858201745821105755e-01 8.715423062559453093e-01 1.793405626418611565e-01 8.866482928868198998e-01 0.000000000000000000e+00 -8.559187703748551979e-01 8.110568832146228813e-01 -5.938715607513148642e-01
0.000000000000000000e+00 1.162545482824782622e-01 1.162545482824782622e-01 -6.466654991907381245e-01 -4.246454840643011930e-01 -3.543676915989898424e-01 2.220446049250313081e-16 -1.611543965003063295e-01 -1.611644848628634441e-01 -1.611644848628634719e-01 -4.278108937597741579e-01 -8.180217440295002307e-01 1.507989764771723029e-01 -7.483571387283979304e-01 1.385372364905491926e-01 6.097489576097111369e-02 0.000000000000000000e+00 -1.151349261645336908e-01 -8.871747172013126903e-01 1.488756671646279228e+00
0.000000000000000000e+00 9.630153319513584664e-02 9.630153319513584664e-02 1.015095744339318706e+00 -1.678314955478255877e-01 4.246722909644844342e-03 2.220446049250313081e-16 4.301904932301435780e-01 4.301875327633911117e-01 4.301875327633916113e-01 4.098298041765243149e-01 -3.647001159916101187e-01 -8.035109642141857744e-01 -8.778509160384636578e-01 7.792061283524684967e-01 7.164411513396189424e-01 0.000000000000000000e+00 1.495224509847714378e+00 1.005549822943986094e+00 4.479735672354385745e-01
0.000000000000000000e+00 -1.711441633718087107e+00 -1.711441633718087107e+00 2.336051207341887925e-01 -4.702331361951693767e-01 9.736543569242268603e-01 2.220446049250313081e-16 -6.140197089958294718e-01 -6.140107736379963876e-01 -6.140107736379962766e-01 -2.315354541606397532e-01 4.643318145566736277e+00 2.059418857859888430e+00 -3.439838750067484519e+00 -4.876804773594470843e-01 4.420363800803805421e-01 0.000000000000000000e+00 2.699046110942985965e+00 7.795820213164544876e-01 2.731324255483712271e+00
0.000000000000000000e+00 -7.696593215955250811e-01 -7.696593215955250811e-01 7.766793094247254059e-01 2.083110841495989352e+00 -8.766739709884422416e-01 2.220446049250313081e-16 1.436505271367980452e-01 1.436458643603818197e-01 1.436458643603822083e-01 5.184400739236129096e-01 -1.698209686007526864e-01 -1.042088449387025273e+00 2.251170031741736230e-02 -6.013064064335866821e-01 -3.018122240693755232e-01 0.000000000000000000e+00 -1.338608674031275703e+00 -2.207925042852335817e+00 -5.736931128086650844e-01
0.000000000000000000e+00 -8.374995728924893301e-01 -8.374995728924893301e-01 -1.531552740153781400e+00 -5.379614268476735628e-01 5.480914055728888234e-01 2.220446049250313081e-16 -9.468300819939089452e-01 -9.468350550339529326e-01 -9.468350550339528215e-01 -8.761236966835406204e-01 -8.897878272966406321e-01 -8.035109642141857744e-01 -1.237217307187843396e+00 -6.165408243932519322e-02 -8.581436685939064501e-01 0.000000000000000000e+00 1.769355343757570143e-01 5.568340618831071342e-01 1.663990561674626889e+00
0.000000000000000000e+00 -1.041020326783381966e+00 -1.041020326783381966e+00 -1.126806918641978933e-01 7.862964841701718388e-01 -1.143391198195564451e+00 2.220446049250313081e-16 -2.890950809493930129e-01 -2.890941234799053738e-01 -2.890941234799055404e-01 6.404493632588718066e-01 -6.926945667159217779e-02 -1.280665934559864771e+00 -4.000781232833435785e-01 -7.886050077253728974e-01 -9.080003780442749139e-01 0.000000000000000000e+00 -7.023066166335643068e-01 -8.477768728253340935e-01 -5.205919340121997196e-01
0.000000000000000000e+00 -4.224768590757669862e-01 -4.224768590757669862e-01 2.507637802299621521e-01 -2.664621756239409639e-02 -1.174621882942562756e+00 2.220446049250313081e-16 -1.126382695996449614e-02 -1.126160147113408616e-02 -1.126160147113381901e-02 -7.498858520965944185e-01 1.562383443351113288e-01 -2.070672512820869726e-01 -1.062527662502888548e+00 6.754976743845505505e-01 -1.555208735157778965e-01 0.000000000000000000e+00 4.598179782436658258e-01 3.293106061617576685e-01 1.190328046810112728e+00
0.000000000000000000e+00 -1.188672638429715933e+00 -1.188672638429715933e+00 6.774938874613533057e-01 -8.493818940256835370e-01 -1.054186311303276558e+00 2.220446049250313081e-16 -1.094448279546627711e+00 -1.094450687857498661e+00 -1.094450687857498661e+00 -3.533040940100306004e-01 -5.236922320844951129e-01 -8.777850869566720948e-02 -1.456764273424649758e+00 -5.925223570537904161e-01 6.863535433154135390e-01 0.000000000000000000e+00 -4.229972903604690693e-01 -5.111767405258519359e-01 1.240243154878792664e+00
0.000000000000000000e+00 -5.661385677046324449e-01 -5.661385677046324449e-01 -8.677009444179207831e-01 -7.448235027554580556e-01 -1.699261489353342425e+00 2.220446049250313081e-16 -1.170812261422585099e+00 -1.170819442939631250e+00 -1.170819442939631028e+00 -9.179967072246353332e-01 -2.136234940727305687e-01 1.582263887514209433e+00 1.097437006674617077e+00 -1.075645072942588376e+00 1.787492492752634776e+00 0.000000000000000000e+00 -3.311273566217381309e-02 9.081948190727606729e-01 -8.668116197651732913e-01
0.000000000000000000e+00 -3.626178138137397533e-01 -3.626178138137397533e-01 -6.932502134620373013e-01 1.041557976897704157e-01 -1.481903102981993348e+00 2.220446049250313081e-16 -8.658476575917557483e-01 -8.658429259400644007e-01 -8.658429259400644007e-01 -5.704816603817310927e-01 -4.650641136938661879e-01 1.940130115273468681e+00 -4.328747498896550194e-01 -3.982815231876489781e-01 4.081878210531481033e-01 0.000000000000000000e+00 -1.311820525055215625e-01 1.705826933062892445e-02 9.226981056758891686e-01
0.000000000000000000e+00 -6.220070099491912252e-01 -6.220070099491912252e-01 -1.327388232997900541e+00 -8.118357063229091342e-01 -3.234959802398882367e-01 2.220446049250313081e-16 -6.005820065392911689e-01 -6.005805074812254896e-01 -6.005805074812252675e-01 -6.689416785998719694e-01 3.647421956595512382e-01 1.224397659754949963e+00 7.468304886962152667e-01 -4.168413694578638196e-01 1.785997755815534438e+00 0.000000000000000000e+00 2.503439592477594289e-01 6.866407337114112108e-01 -8.880520912837830405e-01
0.000000000000000000e+00 -1.208625653517058307e+00 -1.208625653517058307e+00 -1.291462042919252207e-01 -8.254897452014180459e-01 1.006859395304655402e+00 2.220446049250313081e-16 -6.645769149474843873e-01 -6.645746505149796590e-01 -6.645746505149796590e-01 -4.957256165216237243e-01 -4.140564048648479045e-02 -9.227997068006055237e-01 -2.627554738156434588e-01 -1.102705612160993276e+00 -4.955012007252134754e-01 0.000000000000000000e+00 1.667691239468772846e+00 2.475281161579667266e+00 3.226547852757706836e-01
0.000000000000000000e+00 -8.055747487527414874e-01 -8.055747487527414874e-01 -6.550748117332551024e-01 -3.108456986558929547e-01 -6.131875042723884395e-01 2.220446049250313081e-16 -7.973817037592665358e-01 -7.973818020957980091e-01 -7.973818020957977870e-01 -5.659694825216993186e-01 -9.484997286397159888e-01 -9.227997068006055237e-01 7.191120494354018566e-01 -1.101288830002961516e+00 -6.558237915593329026e-01 0.000000000000000000e+00 4.517784636553373590e-01 4.971765362853155512e-01 -5.397083583789130667e-01
