0.0000 1.0421 1.0421 -0.2664 -1.0431 -0.2696 0.0000 1.0508 1.0508 1.0508 -0.9627 -0.3447 -0.0878 0.7175 0.5276 -0.1269 0.0000 1.2972 0.9698 -0.9263 0.4066 0.0069 0.0253 -0.3764 -0.1510 -0.8279 0.0000 1.0758 1.0758 1.0758 0.3182 0.5763 0.0834 -0.6354 0.7621 -0.8623 0.0000 -1.4559 0.3004 -0.1603
0.0000 -0.5302 -0.5302 -0.1909 -1.7159 0.4004 0.0000 -0.4520 -0.4520 -0.4520 -1.0155 -0.5450 -1.1614 -0.2287 -0.0481 -2.2097 0.0000 0.3794 0.1029 -0.1563 0.4066 0.0674 0.0862 -0.1297 -0.6662 -0.5352 0.0000 -0.7552 -0.7552 -0.7552 -0.7179 -0.0555 -0.1766 -0.7849 0.1179 1.0678 0.0000 1.6909 1.0350 1.7813
0.0000 1.5249 1.5249 -0.2231 -0.5193 0.1805 0.0000 1.7151 1.7150 1.7150 -0.3140 -0.4275 -0.4456 0.3233 1.0206 -0.7660 0.0000 -0.9939 -1.1912 -0.6576 0.4066 -0.1749 -0.1574 -0.7361 -0.7535 -0.1375 0.0000 -0.2502 -0.2502 -0.2502 -0.2633 -0.2880 0.0834 -0.5901 0.3270 0.8393 0.0000 -1.6346 -1.0790 0.0309
0.0000 0.8346 0.8346 -0.4347 -0.4460 0.1319 0.0000 1.3606 1.3606 1.3606 -0.4130 0.6806 -0.0878 0.2852 1.4414 -0.7047 0.0000 -1.2716 -1.2450 -1.0654 -0.2668 0.7339 0.7256 -0.4035 -0.7126 0.0919 0.0000 1.0245 1.0245 1.0245 -0.1459 0.1549 0.0834 -1.4655 1.4572 -0.4939 0.0000 0.3189 -0.3330 1.0355
0.0000 1.4052 1.4052 0.2952 -0.1701 0.9096 0.0000 2.1473 2.1473 2.1473 0.1502 -0.3010 -0.0878 -0.0006 1.2207 -1.3882 0.0000 -1.9184 -2.2597 -0.5652 -0.2668 -0.2355 -0.2488 1.9781 -0.3434 0.7394 0.0000 0.4701 0.4701 0.4701 -0.0902 -0.1730 -0.9564 0.6409 -0.2833 -1.1650 0.0000 0.6078 0.2395 -1.3677
0.0000 -1.2166 -1.2166 -1.0484 -0.6539 -1.0955 0.0000 -0.8137 -0.8137 -0.8137 -0.5487 0.8593 1.2244 -1.6854 -0.6889 1.6794 0.0000 1.3773 0.6985 1.7245 -0.2668 -0.9625 -0.9795 -1.3167 -1.0725 -0.4215 0.0000 -1.4201 -1.4201 -1.4201 -0.8005 -0.8790 -0.4365 -2.0283 -0.8809 0.2898 0.0000 0.1618 0.0020 1.6154
0.0000 1.0700 1.0700 0.2489 0.9543 0.0515 0.0000 1.1887 1.1887 1.1887 0.3151 0.1187 -0.0878 0.6209 0.9498 -0.3586 0.0000 0.9642 1.1282 -0.8891 -0.9402 1.6426 1.6086 1.8833 1.0274 -0.7960 0.0000 1.0129 1.0129 1.0129 1.9538 1.5576 1.1232 -0.0522 0.8949 1.5919 0.0000 0.9855 1.4224 0.8887
0.0000 1.4052 1.4052 -0.7061 1.1929 -0.0290 0.0000 1.5862 1.5862 1.5862 -0.1882 2.0995 1.7016 -0.3669 1.7130 1.6912 0.0000 0.5944 -0.2890 0.0221 1.0799 0.6733 0.7256 1.4854 0.8550 -0.8586 0.0000 1.2117 1.2117 1.2117 1.3952 1.4650 -0.1766 0.4338 1.2043 0.0426 0.0000 0.5421 2.0188 -0.4783
0.0000 2.2353 2.2353 2.0931 0.0913 -0.5461 0.0000 1.6373 1.6373 1.6373 -0.1043 0.3258 0.8665 0.3913 1.1014 -0.7049 0.0000 -0.3579 -0.1444 -0.1107 1.7533 1.6426 1.7304 -0.5970 0.8643 -0.9050 0.0000 1.3154 1.3154 1.3154 1.1788 0.7160 0.6033 0.7707 0.6449 0.3506 0.0000 0.1307 0.0901 -0.7772
0.0000 0.8226 0.8226 -0.6032 0.2577 -0.3784 0.0000 0.9836 0.9836 0.9836 -0.7336 -0.1183 0.5087 -0.1757 0.8621 0.3085 0.0000 -0.0383 -0.0222 0.1294 -0.2668 0.7339 0.7256 0.5820 0.6443 -0.1988 0.0000 1.2193 1.2193 1.2193 0.4315 0.0559 -0.1766 -0.4336 1.3555 -0.3995 0.0000 -0.2119 -0.4588 0.4482
0.0000 -0.2629 -0.2629 0.2840 -0.9222 -0.4782 0.0000 -0.2542 -0.2542 -0.2542 -0.8006 -0.7221 -0.2071 -0.0934 -0.0115 -0.3961 0.0000 -1.6955 -1.9243 -0.2126 0.4066 -0.0537 -0.0356 -0.0418 0.5542 -0.7425 0.0000 0.0582 0.0582 0.0582 0.9690 0.7269 0.0834 0.9140 0.4174 0.9424 0.0000 -1.1245 -1.6106 -0.9874
0.0000 0.8386 0.8386 -0.1238 0.7465 0.6271 0.0000 1.6876 1.6876 1.6876 0.4327 2.3060 1.9401 -2.3521 3.1846 1.1727 0.0000 1.6007 0.9108 2.6039 -0.2668 0.0069 -0.0052 -0.3671 1.7502 0.5053 0.0000 1.1716 1.1716 1.1716 2.4012 2.3577 0.0834 -0.7014 1.7256 -0.6243 0.0000 0.8415 1.1037 1.1337
0.0000 2.2033 2.2033 0.3810 0.6005 -2.1674 0.0000 1.1494 1.1494 1.1494 0.2650 -0.3828 0.2701 1.7567 -0.0982 0.0299 0.0000 -0.6408 0.8436 -1.6102 -0.9402 0.1886 0.1471 2.3758 2.2348 1.0919 0.0000 1.9170 1.9170 1.9170 0.4462 0.9136 -0.1766 0.9340 -0.4260 -0.1512 0.0000 -1.0884 -0.2323 -0.3695
0.0000 -0.0514 -0.0514 0.1402 -0.6276 0.5039 0.0000 -0.2107 -0.2107 -0.2107 -0.4219 -0.6725 -0.6842 1.0411 -0.7885 1.1146 0.0000 0.6024 0.2068 -0.9358 -0.2668 -0.5384 -0.5533 1.0021 -0.2228 0.9251 0.0000 -0.1146 -0.1146 -0.1146 -0.3838 -0.4048 -0.4365 1.4632 -1.0448 -0.7163 0.0000 -1.2573 -0.9270 -1.6466
0.0000 -0.4624 -0.4624 -1.4348 -0.8661 -0.7155 0.0000 -0.9345 -0.9345 -0.9345 -1.0752 -1.3460 -0.6842 0.6570 -0.7409 -1.5600 0.0000 0.0493 0.0624 -0.2392 0.4066 -1.4472 -1.4363 -1.3161 -1.2773 0.3755 0.0000 -1.2996 -1.2996 -1.2996 -1.0965 -0.8133 -1.2164 -0.5864 -0.6746 -0.2851 0.0000 -1.2967 1.3642 -0.0568
0.0000 -0.6978 -0.6978 -0.7227 -0.0437 -0.4881 0.0000 -0.7177 -0.7177 -0.7177 -0.3362 0.2003 2.1787 0.4727 -0.5469 1.0305 0.0000 1.1264 1.5147 -0.8541 -1.6136 0.1280 0.0557 -0.8106 -0.4648 -1.3672 0.0000 -0.0604 -0.0604 -0.0604 -0.3129 -0.2636 0.0834 -0.9762 0.4640 0.5183 0.0000 -0.2662 -0.8208 1.5763
0.0000 -0.7058 -0.7058 0.3984 -0.2715 -0.3477 0.0000 -0.5851 -0.5851 -0.5851 0.8848 -0.1883 -0.8035 0.0917 -0.5043 -1.7150 0.0000 -0.3989 0.7059 -0.1616 -0.2668 -0.5384 -0.5533 -0.3042 -0.0203 -0.5234 0.0000 -0.0334 -0.0334 -0.0334 -0.4879 -0.4168 -0.6965 0.1678 -0.2875 -1.2109 0.0000 -0.8327 -1.0732 -0.3040
0.0000 0.1921 0.1921 -0.1163 -0.0843 -0.9899 0.0000 -0.1554 -0.1554 -0.1554 -0.1392 -0.6961 -0.4456 0.2422 -0.1639 -0.1161 0.0000 0.0470 0.4101 0.1973 -0.9402 -0.1749 -0.2183 -0.1823 -0.3564 0.5899 0.0000 0.5468 0.5468 0.5468 -0.3918 -0.2839 -0.6965 -0.6410 0.4061 -1.0599 0.0000 -0.2474 -0.8105 0.2939
0.0000 -0.1631 -0.1631 -0.3580 0.5203 -0.0322 0.0000 -0.5334 -0.5334 -0.5334 0.0582 -0.1967 -0.6842 1.1273 -0.4463 0.0625 0.0000 -0.0945 -0.2805 -0.9305 1.0799 0.9156 0.9692 1.1565 -0.2578 1.7056 0.0000 0.2876 0.2876 0.2876 0.0712 -0.0017 0.6033 -0.8779 0.2521 1.7173 0.0000 -2.0949 -0.3567 1.8679
0.0000 -0.8614 -0.8614 1.3438 -0.6560 0.3469 0.0000 -1.3650 -1.3650 -1.3650 0.5719 0.3709 -0.5649 1.0839 -1.0429 1.6385 0.0000 -0.7537 -0.7542 -0.1722 1.0799 -0.7807 -0.7360 -1.2068 -1.2476 0.9971 0.0000 -1.1994 -1.1994 -1.1994 -0.8598 -1.0911 -0.6965 -0.2296 -0.5009 0.4805 0.0000 -0.3922 0.7013 -0.0864
0.0000 1.1658 1.1658 2.6133 2.3757 1.6799 0.0000 0.8699 0.8699 0.8699 2.8935 0.8742 1.2244 -0.0986 1.1453 -0.1493 0.0000 0.5433 0.5514 -0.1425 -0.2668 0.3098 0.2993 -0.1319 -0.3495 2.1765 0.0000 2.1493 2.1493 2.1493 -0.6884 -0.3262 -0.4365 -1.3073 2.3020 -0.5170 0.0000 -0.0324 0.3654 1.3471
0.0000 -0.1352 -0.1352 3.1599 2.2151 1.4825 0.0000 -0.2945 -0.2945 -0.2945 2.6277 1.4093 1.3437 1.0824 -0.2742 -0.0459 0.0000 -0.2730 0.2449 -0.7829 0.4066 0.9156 0.9388 0.2818 -0.5342 0.5207 0.0000 0.9273 0.9273 0.9273 -0.5692 -0.1768 2.1630 0.0393 0.5869 -0.0821 0.0000 0.5656 0.3001 0.5749
0.0000 -0.6021 -0.6021 0.8101 1.4059 1.0740 0.0000 -0.7792 -0.7792 -0.7792 2.6678 0.6135 -0.8035 0.8420 -0.6699 0.3221 0.0000 -0.8619 -0.2010 -0.6916 1.0799 -0.5990 -0.5533 0.7529 0.1108 1.6474 0.0000 0.2406 0.2406 0.2406 -0.3269 -0.2411 -0.6965 -1.2847 0.3016 -1.3903 0.0000 -0.0532 -0.6186 0.3795
0.0000 1.7923 1.7923 0.7160 3.3623 2.5128 0.0000 1.8520 1.8520 1.8520 2.8974 1.4896 1.2244 -1.8628 3.3161 -1.3912 0.0000 0.3860 -0.6513 2.1578 -0.2668 -0.5384 -0.5533 1.9877 0.7448 1.1497 0.0000 2.5555 2.5555 2.5555 0.9182 0.2867 -0.9564 0.3956 1.5066 -1.1926 0.0000 -1.8406 -2.5171 -0.6240
0.0000 -0.6220 -0.6220 -1.5571 -0.9145 -0.7074 0.0000 -0.9411 -0.9411 -0.9411 -1.0626 -0.8934 -0.3264 0.8926 -0.8749 0.7583 0.0000 -1.4043 -0.9068 -0.6990 1.0799 -1.3260 -1.2840 -1.4798 -1.0360 -0.8908 0.0000 -1.3513 -1.3513 -1.3513 -1.0766 -1.0106 -0.9564 -2.3874 -1.1549 -2.4240 0.0000 0.8152 0.6082 0.3615
0.0000 0.7747 0.7747 0.5314 -0.3565 2.0283 0.0000 0.3614 0.3614 0.3614 -0.4814 -0.0324 -0.4456 -0.6544 0.4453 0.7949 0.0000 1.4291 1.3148 1.1362 -0.9402 0.4309 0.3907 -0.9672 0.0350 0.6127 0.0000 0.3152 0.3152 0.3152 0.0709 0.0797 0.0834 -0.0093 0.5488 0.7799 0.0000 -0.2566 0.1010 0.0087
0.0000 0.1641 0.1641 0.9626 -0.8894 -0.0591 0.0000 0.7603 0.7603 0.7603 -0.1157 0.8312 0.2701 -0.9729 0.4359 0.3559 0.0000 -0.1349 -0.2979 0.7761 -1.6136 1.0974 1.0301 -0.0403 -0.7431 -0.3062 0.0000 -0.1753 -0.1753 -0.1753 -0.5868 -0.7746 1.6431 0.2321 -0.3469 1.2004 0.0000 0.6914 -0.0793 1.4369
0.0000 -0.0793 -0.0793 -0.6342 -0.2301 1.1382 0.0000 0.1423 0.1423 0.1423 -0.3134 -0.7203 -1.4000 -0.8447 0.6834 -1.9915 0.0000 -0.1321 -0.9288 0.8091 0.4066 -0.0537 -0.0356 -0.3559 -0.3549 0.2996 0.0000 0.2295 0.2295 0.2295 -0.6972 -0.5108 -0.9564 -1.3146 0.6025 -2.0330 0.0000 1.3453 0.9473 0.7313
0.0000 -0.9013 -0.9013 -1.5300 -0.1568 0.7809 0.0000 -0.6725 -0.6725 -0.6725 -0.7952 -1.0638 -1.5192 0.0102 -0.2291 -1.7788 0.0000 -0.7872 -0.3394 -0.7160 -1.6136 2.7331 2.6744 -0.7895 1.6688 -1.7988 0.0000 -0.2457 -0.2457 -0.2457 0.1261 0.5013 3.7226 1.3255 0.4132 1.7165 0.0000 0.8706 1.3843 0.4482
0.0000 1.0620 1.0620 -0.0755 0.5776 0.3040 0.0000 0.7648 0.7648 0.7648 -0.0722 -0.4666 -0.2071 0.7845 0.1203 0.5192 0.0000 -1.6728 -1.4360 -0.5408 0.4066 -0.4778 -0.4619 0.5518 1.3490 1.6674 0.0000 -0.3129 -0.3129 -0.3129 0.9664 0.7714 -0.1766 0.7849 -0.5065 -0.0679 0.0000 2.2444 -0.2215 -0.5712
0.0000 -0.1751 -0.1751 -1.0855 -0.8175 1.3836 0.0000 -0.9244 -0.9244 -0.9244 -0.3123 -0.7923 0.2701 0.8718 -0.8315 1.0506 0.0000 1.1433 1.1367 -0.1064 1.7533 -0.9625 -0.8882 -1.4857 -1.5135 1.0734 0.0000 -1.2533 -1.2533 -1.2533 -1.2372 -1.4732 -0.6965 1.4465 -1.1394 1.2271 0.0000 -0.4065 -0.2473 -1.5515
0.0000 -0.4265 -0.4265 -0.6248 -1.1353 -0.8051 0.0000 -1.1211 -1.1211 -1.1211 -1.2268 -0.9935 -0.6842 0.4479 -0.9602 -0.0498 0.0000 -0.1309 0.4026 0.2356 1.7533 0.6127 0.6952 -0.1201 -0.3254 -1.3853 0.0000 -1.0425 -1.0425 -1.0425 -0.4374 -0.2610 1.6431 1.0221 -0.7325 2.4018 0.0000 0.5300 0.1986 -0.4709
0.0000 -0.5183 -0.5183 -0.7062 -0.7871 -1.6104 0.0000 -0.9584 -0.9584 -0.9584 -1.1339 -0.2097 0.2701 -0.1443 -0.7882 -0.5639 0.0000 0.8443 -0.1486 0.3864 -0.2668 -0.8413 -0.8577 -0.0744 0.1459 -0.3059 0.0000 -1.1122 -1.1122 -1.1122 -0.1579 -0.1452 0.0834 -0.0921 -0.8314 0.3904 0.0000 0.0108 -1.3704 -0.1645
0.0000 -0.9173 -0.9173 -0.6728 -1.1661 -1.1165 0.0000 -0.9993 -0.9993 -0.9993 -0.8967 -0.9328 -1.1614 0.4290 -1.1860 0.4111 0.0000 -0.7787 0.2982 -0.0735 -2.2869 0.4915 0.3907 -0.5663 -0.8548 0.3743 0.0000 -0.3756 -0.3756 -0.3756 -1.1115 -0.8161 0.0834 0.9580 -1.0998 1.0082 0.0000 0.5393 1.2588 -0.4159
0.0000 -0.6021 -0.6021 0.4588 0.0740 0.0723 0.0000 -0.7028 -0.7028 -0.7028 0.9529 -0.3865 -0.8035 0.9108 -0.8796 1.0695 0.0000 0.3539 1.2809 -1.1918 -0.2668 -0.5990 -0.6142 -0.3015 -0.7520 1.1426 0.0000 -0.9633 -0.9633 -0.9633 -0.6518 -0.9144 -0.4365 0.6382 -0.8837 -0.6017 0.0000 0.5538 0.5081 -0.7371
0.0000 0.8186 0.8186 -0.0139 0.7899 -0.8505 0.0000 0.1826 0.1826 0.1826 0.8320 -0.2673 -0.2071 1.4363 -0.5357 -0.1704 0.0000 -1.3892 -1.1485 -1.5454 0.4066 0.4309 0.4516 -0.8740 -0.1666 -0.0446 0.0000 0.4355 0.4355 0.4355 -0.1525 -0.2740 0.0834 1.0074 -1.0264 -0.6115 0.0000 -0.1172 -0.2043 -0.0114
0.0000 -0.8255 -0.8255 -1.0126 1.1780 1.0081 0.0000 -0.7559 -0.7559 -0.7559 1.1075 -0.1195 -1.2807 -0.4118 -0.4640 0.1779 0.0000 1.1448 -0.1260 0.2664 -0.2668 -0.4172 -0.4315 1.2144 -0.8517 0.8590 0.0000 0.2545 0.2545 0.2545 -0.2446 -0.5272 -0.6965 -0.5028 0.1264 -0.4985 0.0000 -1.1284 0.3213 0.2739
0.0000 -0.0633 -0.0633 0.6158 0.6371 0.9256 0.0000 0.2367 0.2367 0.2367 1.0715 0.0778 0.3894 -0.4833 0.5848 -1.1047 0.0000 -0.7391 -0.0647 0.0869 -0.2668 0.3704 0.3602 1.5736 3.2987 1.5062 0.0000 1.2931 1.2931 1.2931 3.2388 2.9211 0.3433 0.0045 1.5193 -0.2744 0.0000 -0.2098 -0.9612 -0.4181
0.0000 -1.4201 -1.4201 0.3126 -0.4107 0.3625 0.0000 -1.0383 -1.0383 -1.0383 -0.0035 -0.4484 -0.6842 0.3182 -1.1248 -0.2947 0.0000 -1.0169 -2.0365 -0.5801 -2.2869 -1.2048 -1.3145 -0.1547 -0.9000 0.5183 0.0000 -1.7744 -1.7744 -1.7744 -1.1644 -1.6065 -0.6965 2.1700 -1.5604 0.6529 0.0000 -0.2119 0.6097 -2.4420
0.0000 2.2113 2.2113 1.7855 0.1008 0.9704 0.0000 2.1745 2.1745 2.1745 0.0277 0.3505 0.9858 0.8715 0.1793 0.8866 0.0000 -0.8559 0.8111 -0.5939 1.0799 0.7945 0.8474 0.5931 -0.2159 -0.7917 0.0000 -0.0604 -0.0604 -0.0604 -0.3051 -0.1973 0.6033 1.3550 -1.0730 -0.7547 0.0000 -0.8367 -0.3683 -0.9579
0.0000 0.1163 0.1163 -0.6467 -0.4246 -0.3544 0.0000 -0.1612 -0.1612 -0.1612 -0.4278 -0.8180 0.1508 -0.7484 0.1385 0.0610 0.0000 -0.1151 -0.8872 1.4888 -0.2668 -0.6596 -0.6751 -0.9714 -0.7423 0.4813 0.0000 -0.1072 -0.1072 -0.1072 -1.1385 -0.9599 -0.6965 -0.8646 0.1504 0.7825 0.0000 -0.0604 -1.5792 0.4809
0.0000 0.0963 0.0963 1.0151 -0.1678 0.0042 0.0000 0.4302 0.4302 0.4302 0.4098 -0.3647 -0.8035 -0.8779 0.7792 0.7164 0.0000 1.4952 1.0055 0.4480 1.7533 1.4003 1.4868 0.1122 0.7019 0.3747 0.0000 0.7782 0.7782 0.7782 0.1309 0.2123 1.9030 0.0322 1.1888 0.5653 0.0000 0.2093 0.0845 0.3119
0.0000 -1.7114 -1.7114 0.2336 -0.4702 0.9737 0.0000 -0.6140 -0.6140 -0.6140 -0.2315 4.6433 2.0594 -3.4398 -0.4877 0.4420 0.0000 2.6990 0.7796 2.7313 0.4066 -0.9019 -0.8882 -1.1823 -0.9704 -0.6674 0.0000 -0.9310 -0.9310 -0.9310 -1.3036 -1.2710 -0.9564 -2.1308 -0.5093 0.5772 0.0000 2.0617 1.3692 1.4348
0.0000 -0.7697 -0.7697 0.7767 2.0831 -0.8767 0.0000 0.1437 0.1436 0.1436 0.5184 -0.1698 -1.0421 0.0225 -0.6013 -0.3018 0.0000 -1.3386 -2.2079 -0.5737 1.7533 -0.9019 -0.8273 1.5997 -0.9762 -0.7016 0.0000 -0.2951 -0.2951 -0.2951 -0.6493 -1.1905 -1.2164 0.3891 -0.9430 -1.0396 0.0000 0.4814 -1.1915 -1.5325
0.0000 -0.8375 -0.8375 -1.5316 -0.5380 0.5481 0.0000 -0.9468 -0.9468 -0.9468 -0.8761 -0.8898 -0.8035 -1.2372 -0.0617 -0.8581 0.0000 0.1769 0.5568 1.6640 -0.9402 3.6419 3.6183 -0.2318 0.3295 -1.0923 0.0000 -0.0012 -0.0012 -0.0012 1.2492 1.3135 2.6828 0.7910 0.7127 1.4979 0.0000 2.1731 1.7117 1.9239
0.0000 -1.0410 -1.0410 -0.1127 0.7863 -1.1434 0.0000 -0.2891 -0.2891 -0.2891 0.6404 -0.0693 -1.2807 -0.4001 -0.7886 -0.9080 0.0000 -0.7023 -0.8478 -0.5206 0.4066 -0.2961 -0.2792 1.0122 0.3618 0.7622 0.0000 0.4320 0.4320 0.4320 0.2178 0.8673 -0.4365 -0.3336 -0.7735 -0.6776 0.0000 1.0411 1.3360 -0.1445
0.0000 -0.4225 -0.4225 0.2508 -0.0266 -1.1746 0.0000 -0.0113 -0.0113 -0.0113 -0.7499 0.1562 -0.2071 -1.0625 0.6755 -0.1555 0.0000 0.4598 0.3293 1.1903 -1.6136 -0.3566 -0.4315 -0.1084 0.7373 -1.1064 0.0000 0.2123 0.2123 0.2123 0.9775 1.4873 0.0834 -1.0897 2.2610 0.0148 0.0000 -0.7627 0.0761 0.2538
0.0000 -1.1887 -1.1887 0.6775 -0.8494 -1.0542 0.0000 -1.0944 -1.0945 -1.0945 -0.3533 -0.5237 -0.0878 -1.4568 -0.5925 0.6864 0.0000 -0.4230 -0.5112 1.2402 -0.2668 -0.2961 -0.3097 0.9157 -0.6065 -1.5293 0.0000 -0.9077 -0.9077 -0.9077 -0.4447 -0.8747 -0.4365 0.2256 -0.2268 0.2024 0.0000 -0.1015 -1.4877 0.0055
0.0000 -0.5661 -0.5661 -0.8677 -0.7448 -1.6993 0.0000 -1.1708 -1.1708 -1.1708 -0.9180 -0.2136 1.5823 1.0974 -1.0756 1.7875 0.0000 -0.0331 0.9082 -0.8668 -0.2668 -1.0837 -1.1013 -0.4867 0.3260 -1.0690 0.0000 -1.3641 -1.3641 -1.3641 -0.3616 -0.5777 -0.4365 1.3720 -1.1521 -1.1797 0.0000 -1.6921 -0.9559 -1.4353
0.0000 -0.3626 -0.3626 -0.6933 0.1042 -1.4819 0.0000 -0.8658 -0.8658 -0.8658 -0.5705 -0.4651 1.9401 -0.4329 -0.3983 0.4082 0.0000 -0.1312 0.0171 0.9227 -0.2668 -0.4778 -0.4924 -0.7780 0.3095 -1.1395 0.0000 -0.9538 -0.9538 -0.9538 -0.2948 -0.0619 -0.4365 0.0750 0.0091 -0.7603 0.0000 -0.2090 -1.4429 0.1165
0.0000 -0.6220 -0.6220 -1.3274 -0.8118 -0.3235 0.0000 -0.6006 -0.6006 -0.6006 -0.6689 0.3647 1.2244 0.7468 -0.4168 1.7860 0.0000 0.2503 0.6866 -0.8881 -0.2668 -0.8413 -0.8577 -0.1976 -0.8051 -0.6336 0.0000 -1.4244 -1.4244 -1.4244 -0.4448 -0.6446 0.3433 0.8311 -1.2044 -0.0995 0.0000 -0.7075 -0.4520 -0.9441
0.0000 -1.2086 -1.2086 -0.1291 -0.8255 1.0069 0.0000 -0.6646 -0.6646 -0.6646 -0.4957 -0.0414 -0.9228 -0.2628 -1.1027 -0.4955 0.0000 1.6677 2.4753 0.3227 1.0799 -1.2654 -1.2231 -0.3725 -0.1956 0.5675 0.0000 -0.7741 -0.7741 -0.7741 -0.1246 -0.2606 -1.2164 0.3221 -1.4530 0.7568 0.0000 0.8169 1.1923 -1.1216
0.0000 -0.8056 -0.8056 -0.6551 -0.3108 -0.6132 0.0000 -0.7974 -0.7974 -0.7974 -0.5660 -0.9485 -0.9228 0.7191 -1.1013 -0.6558 0.0000 0.4518 0.4972 -0.5397 -0.2668 -0.9625 -0.9795 -1.6003 2.3904 -1.9794 0.0000 -0.5754 -0.5754 -0.5754 2.6588 2.8019 0.0834 0.5774 -1.5434 -0.4413 0.0000 0.3001 0.7493 -0.9843
