1 0 0 0 0 0 0 0 0 0 607.8225125 227.6577624 348.9585873 165.4579614 150.4866391 155.2554207 153.5745064 284.0517628 365.6430004 352.675687 280.41489 456.3636434 41.66843052 0 0 0 0 0 0 0 0 0 0 0 0 0 0 0 0 0 0 0 0 0 0 0 0 0 0 0 0 0 0 0 0 0 0 0 0 0 0 0 0 0 0 0 0 0 0 0 0 0 0 0 0 0 0 0 0 0 0 0 0 0 0 0
2 0 0 0 0 0 0 0 0 4.470970549 263.7301161 405.9017377 216.0762344 111.6773611 67.03499788 69.11020144 187.4895063 233.6661959 440.4620714 205.6913852 67.00721263 8.652093376 0 0 0 0 0 0 0 0 0 0 0 0 0 0 0 0 0 0 0 0 0 0 0 0 0 0 0 0 0 0 0 0 0 0 0 0 0 0 0 0 0 0 0 0 0 0 0 0 0 0 0 0 0 0 0 0 0 0 0 0 0 0 0 0
3 0 0 0 0 0 0 0 0 42.39998143 410.1015729 331.4503908 222.1092779 176.2869247 158.0954512 98.82249166 165.1601276 384.0709043 427.7473904 199.7560344 12.43952399 0 0 0 0 0 0 0 0 0 0 0 0 0 0 0 0 0 0 0 0 0 0 0 0 0 0 0 0 0 0 0 0 0 0 0 0 0 0 0 0 0 0 0 0 0 0 0 0 0 0 0 0 0 0 0 0 0 0 0 0 0 0 0 0 0
4 0 0 0 0 0 0 0 0 0 125.9504213 615.144274 408.6405926 151.347003 112.9130589 132.0474542 123.6080349 226.1119284 642.8905505 615.1515085 378.204209 12.44122599 0 0 0 0 0 0 0 0 0 0 0 0 0 0 0 0 0 0 0 0 0 0 0 0 0 0 0 0 0 0 0 0 0 0 0 0 0 0 0 0 0 0 0 0 0 0 0 0 0 0 0 0 0 0 0 0 0 0 0 0 0 0 0 0
5 0 0 0 0 0 0 0 0 0 341.3328053 329.6822561 364.04988 258.9713177 248.0809987 131.6708247 195.302349 335.5724083 478.328082 332.2763405 105.110419 10.40008462 0 0 0 0 0 0 0 0 0 0 0 0 0 0 0 0 0 0 0 0 0 0 0 0 0 0 0 0 0 0 0 0 0 0 0 0 0 0 0 0 0 0 0 0 0 0 0 0 0 0 0 0 0 0 0 0 0 0 0 0 0 0 0 0
8 0 0 0 0 0 0 0 0 0 0 149.9571166 251.8252581 204.2075392 160.7355353 121.941677 110.9318308 140.1484436 357.1814846 212.3608324 73.02052368 0 0 0 0 0 0 0 0 0 0 0 0 0 0 0 0 0 0 0 0 0 0 0 0 0 0 0 0 0 0 0 0 0 0 0 0 0 0 0 0 0 0 0 0 0 0 0 0 0 0 0 0 0 0 0 0 0 0 0 0 0 0 0 0 0
10 0 0 0 0 0 0 0 0 0 0 0 0 0 0 0 0 0 7.490890218 22.40010019 22.20014811 20.89279653 15.80765818 16.40686136 35.67319601 58.07361031 117.4641734 189.5657352 205.7194877 421.2619174 255.620925 171.2954897 113.8878144 64.48731152 138.8929154 135.0765123 189.8593164 294.7428212 297.5945886 306.0881186 205.6194843 184.6511371 63.33711664 0 0 0 0 0 0 0 0 0 0 0 0 0 0 0 0 0 0 0 0 0 0 0 0 0 0 0 0 0 0 0 0 0 0 0 0 0 0 0 0 0 0 0
11 0 0 0 0 0 0 0 0 0 0 0 0 0 0 0 0 0 0 0 0 30.93356731 63.78279701 31.61483201 44.94684617 47.23960968 56.16836813 164.6284963 165.9135559 170.3856793 204.9485686 143.9529692 195.1638023 215.2150818 218.3385038 233.5018472 313.3845999 334.7995981 539.1585689 321.0893523 83.96470774 50.97057654 22.36750692 0 0 0 0 0 0 0 0 0 0 0 0 0 0 0 0 0 0 0 0 0 0 0 0 0 0 0 0 0 0 0 0 0 0 0 0 0 0 0 0 0 0 0
12 0 0 0 0 0 0 0 0 0 0 0 0 0 0 0 0 0 0 0 0 0 0 0 6.681918548 53.09940945 132.0131312 155.9566164 146.2888814 242.6748042 223.1512033 269.7008985 80.34783534 81.31410185 76.95776848 93.11413704 95.15320475 110.2823548 192.1246869 222.0425108 416.7323997 448.1438283 425.2980706 154.25562 87.71488962 0 0 0 0 0 0 0 0 0 0 0 0 0 0 0 0 0 0 0 0 0 0 0 0 0 0 0 0 0 0 0 0 0 0 0 0 0 0 0 0 0
13 0 0 0 0 0 0 0 0 0 0 0 0 0 0 0 0 0 0 0 0 0 0 21.95267771 22.93021257 36.70259762 73.30326686 73.16805341 85.8813767 59.130444 245.634737 202.6478848 226.2765373 290.5953538 452.1645334 670.0802106 471.2852036 347.4027553 255.0289172 106.3987988 24.83656478 23.11606352 12.69970189 0 0 0 0 0 0 0 0 0 0 0 0 0 0 0 0 0 0 0 0 0 0 0 0 0 0 0 0 0 0 0 0 0 0 0 0 0 0 0 0 0 0 0
14 0 0 0 0 0 0 0 0 0 0 0 0 0 0 0 0 0 0 0 0 0 0 0 0 17.85959298 45.47345886 103.5225939 81.62909025 122.5486309 109.8442121 209.1296364 198.5868723 148.7466225 157.2346274 139.604371 159.9212148 114.5348505 149.1984918 150.5720583 388.9964088 351.4957092 152.4484674 52.57767474 4.091061915 0 0 0 0 0 0 0 0 0 0 0 0 0 0 0 0 0 0 0 0 0 0 0 0 0 0 0 0 0 0 0 0 0 0 0 0 0 0 0 0 0
15 0 0 0 0 0 0 0 0 0 0 0 0 0 0 0 0 0 0 4.651404399 21.60603878 47.88585782 91.86747531 45.942256 20.08986855 18.71765272 27.71290382 37.24995603 60.13650607 88.45444994 104.8464298 38.27726873 30.00269197 37.84789518 98.92859667 136.4147852 82.80632582 102.4593286 159.6584021 267.0943966 221.4376514 203.2542144 388.5102957 509.3478725 216.4754541 231.0164696 139.7727966 106.4141037 83.23207512 38.96577389 0 0 0 0 0 0 0 0 0 0 0 0 0 0 0 0 0 0 0 0 0 0 0 0 0 0 0 0 0 0 0 0 0 0 0 0
16 0 0 0 0 0 0 0 0 0 122.3093715 432.5309459 340.3471102 566.3388858 388.1119326 424.2584223 629.0962735 498.7819559 402.6571206 321.7674821 78.92262135 8.209731118 0 0 0 0 0 0 0 0 0 0 0 0 0 0 0 0 0 0 0 0 0 0 0 0 0 0 0 0 0 0 0 0 0 0 0 0 0 0 0 0 0 0 0 0 0 0 0 0 0 0 0 0 0 0 0 0 0 0 0 0 0 0 0 0
17 0 0 0 0 0 0 37.23011552 218.3741432 235.568052 247.71028 92.76943226 154.457203 243.5428521 200.0056006 156.8007525 212.1710431 547.2889622 326.5403961 73.93928115 0 0 0 0 0 0 0 0 0 0 0 0 0 0 0 0 0 0 0 0 0 0 0 0 0 0 0 0 0 0 0 0 0 0 0 0 0 0 0 0 0 0 0 0 0 0 0 0 0 0 0 0 0 0 0 0 0 0 0 0 0 0 0 0 0 0
18 0 0 0 0 0 0 0 0 25.54646516 232.2575095 116.7636534 87.86766668 125.7348208 188.5751192 170.7849088 162.0339812 193.8655101 347.4010712 181.4937902 21.87052153 14.9199048 6.765725354 0 0 0 0 0 0 0 0 0 0 0 0 0 0 0 0 0 0 0 0 0 0 0 0 0 0 0 0 0 0 0 0 0 0 0 0 0 0 0 0 0 0 0 0 0 0 0 0 0 0 0 0 0 0 0 0 0 0 0 0 0 0 0
19 0 0 0 0 0 0 0 0 0 107.5507136 329.3931457 297.7059377 237.7411107 173.4640165 160.5681963 170.0224607 207.8349046 224.9017226 295.749693 273.8646765 181.8920539 127.5927572 2.888815564 0 0 0 0 0 0 0 0 0 0 0 0 0 0 0 0 0 0 0 0 0 0 0 0 0 0 0 0 0 0 0 0 0 0 0 0 0 0 0 0 0 0 0 0 0 0 0 0 0 0 0 0 0 0 0 0 0 0 0 0 0 0
21 0 0 0 0 0 0 0 0 0 108.246915 304.4342356 164.7073104 158.5588336 163.255223 161.3589792 241.0050403 286.6432271 274.3249248 546.5987285 186.3514184 118.8918649 42.48338011 19.65701127 17.07278113 14.18622617 0 0 0 0 0 0 0 0 0 0 0 0 0 0 0 0 0 0 0 0 0 0 0 0 0 0 0 0 0 0 0 0 0 0 0 0 0 0 0 0 0 0 0 0 0 0 0 0 0 0 0 0 0 0 0 0 0 0 0 0
22 0 0 0 0 0 0 0 0 65.76955466 103.121136 318.0443722 307.7649863 295.9614832 244.0125325 257.8343495 314.2878921 271.7120422 245.5720965 201.948264 241.9324817 129.7601913 132.5660281 68.62124971 19.6756874 0 0 0 0 0 0 0 0 0 0 0 0 0 0 0 0 0 0 0 0 0 0 0 0 0 0 0 0 0 0 0 0 0 0 0 0 0 0 0 0 0 0 0 0 0 0 0 0 0 0 0 0 0 0 0 0 0 0 0 0 0
23 0 0 0 0 0 0 0 0 51.05119343 288.0566329 317.7314145 183.5992412 321.7676337 209.3349808 148.0974051 163.5554444 147.316466 161.8542256 166.7413962 316.5034584 218.6407479 268.3969171 53.81048081 0 0 0 0 0 0 0 0 0 0 0 0 0 0 0 0 0 0 0 0 0 0 0 0 0 0 0 0 0 0 0 0 0 0 0 0 0 0 0 0 0 0 0 0 0 0 0 0 0 0 0 0 0 0 0 0 0 0 0 0 0 0
24 0 0 0 0 0 0 0 0 0 11.83707571 251.3608338 250.0583208 139.4556157 153.8939512 132.6689347 125.0995488 215.4311891 389.8040841 245.3925641 15.88322076 11.07584011 0 0 0 0 0 0 0 0 0 0 0 0 0 0 0 0 0 0 0 0 0 0 0 0 0 0 0 0 0 0 0 0 0 0 0 0 0 0 0 0 0 0 0 0 0 0 0 0 0 0 0 0 0 0 0 0 0 0 0 0 0 0 0 0
25 0 0 0 0 0 0 0 0 27.20463717 547.7608758 470.5320073 267.5383068 258.0699486 292.2111333 317.5541724 403.8427706 378.9137117 314.2009874 380.7470633 345.0096915 159.1952446 140.0871344 50.90570617 7.965482016 0 0 0 0 0 0 0 0 0 0 0 0 0 0 0 0 0 0 0 0 0 0 0 0 0 0 0 0 0 0 0 0 0 0 0 0 0 0 0 0 0 0 0 0 0 0 0 0 0 0 0 0 0 0 0 0 0 0 0 0 0
26 0 0 0 0 0 0 0 0 51.14896964 433.6340516 309.4870743 282.2334879 314.6387257 340.6320668 389.040021 236.1671886 144.428408 172.1889203 285.5581208 170.0193877 249.7271889 92.84826903 19.48699527 0 0 0 0 0 0 0 0 0 0 0 0 0 0 0 0 0 0 0 0 0 0 0 0 0 0 0 0 0 0 0 0 0 0 0 0 0 0 0 0 0 0 0 0 0 0 0 0 0 0 0 0 0 0 0 0 0 0 0 0 0 0
27 0 0 0 0 0 0 0 0 0 58.97309119 502.3482945 241.224159 224.3327799 251.0442957 274.3578379 237.8718655 276.6739113 188.1039407 277.4662939 152.5345538 160.7819455 122.6444298 12.63271788 0 0 0 0 0 0 0 0 0 0 0 0 0 0 0 0 0 0 0 0 0 0 0 0 0 0 0 0 0 0 0 0 0 0 0 0 0 0 0 0 0 0 0 0 0 0 0 0 0 0 0 0 0 0 0 0 0 0 0 0 0 0
28 0 0 0 0 0 0 0 32.29649276 185.3353 215.5036416 278.2688068 272.1683023 386.3356971 386.2073831 334.2375606 437.3791839 344.8418723 311.5706158 240.0890318 256.512271 230.132785 208.1970532 253.5602014 206.9281593 74.24636229 0 0 0 0 0 0 0 0 0 0 0 0 0 0 0 0 0 0 0 0 0 0 0 0 0 0 0 0 0 0 0 0 0 0 0 0 0 0 0 0 0 0 0 0 0 0 0 0 0 0 0 0 0 0 0 0 0 0 0 0
29 0 0 0 0 0 0 0 0 0 144.931501 341.0109716 167.3785387 132.7775577 124.7584681 80.0609598 92.0360994 158.1550622 283.5226358 140.6070537 121.5696197 36.91586817 19.79696373 5.516951904 0 0 0 0 0 0 0 0 0 0 0 0 0 0 0 0 0 0 0 0 0 0 0 0 0 0 0 0 0 0 0 0 0 0 0 0 0 0 0 0 0 0 0 0 0 0 0 0 0 0 0 0 0 0 0 0 0 0 0 0 0 0
30 0 0 0 0 0 0 0 0 0 0 0 0 0 0 0 0 0 0 0 0 0 0 0 0 0 0 0 0 0 0 0 0 0 0 39.46027115 31.47397189 28.79173005 54.48710215 411.8614749 394.7456529 161.9451173 182.0709908 108.4618685 160.5647449 186.2432757 118.0043281 384.3533757 348.4377136 186.6582389 126.0616387 92.70453294 24.84217583 18.50496131 0 0 0 0 0 0 0 0 0 0 0 0 0 0 0 0 0 0 0 0 0 0 0 0 0 0 0 0 0 0 0 0
31 0 0 0 0 0 0 0 0 0 0 0 0 0 0 0 0 0 0 0 0 0 0 0 0 0 0 0 0 0 28.2742218 29.29412969 29.12983732 34.32201136 64.9474369 159.7696186 175.449434 149.9528839 90.52554169 193.8566027 165.3776641 277.2430195 379.5105903 441.4242342 226.7327008 90.08473269 98.03637248 44.90799435 27.57940805 0 0 0 0 0 0 0 0 0 0 0 0 0 0 0 0 0 0 0 0 0 0 0 0 0 0 0 0 0 0 0 0 0 0 0 0 0
32 0 0 0 0 0 0 0 0 0 0 0 0 0 0 0 0 0 0 0 0 0 0 0 0 0 0 0 0 2.112626339 180.9431791 78.33650914 90.04818896 204.7897142 286.639922 381.6497223 533.4238438 724.0972893 341.503269 132.6658226 22.21883609 0 0 0 0 0 0 0 0 0 0 0 0 0 0 0 0 0 0 0 0 0 0 0 0 0 0 0 0 0 0 0 0 0 0 0 0 0 0 0 0 0 0 0 0 0
33 0 0 0 0 0 0 0 0 0 0 0 0 0 0 0 0 0 0 0 0 0 1.373396447 111.336313 101.0473982 143.3339723 271.1446975 220.5102863 199.3102522 211.4511445 173.5545054 236.6137337 220.9216518 147.1443052 151.9774526 138.8946255 126.0951049 76.93325001 21.49677603 22.85561063 24.05557277 22.98846208 22.46258567 8.555578608 0 0 0 0 0 0 0 0 0 0 0 0 0 0 0 0 0 0 0 0 0 0 0 0 0 0 0 0 0 0 0 0 0 0 0 0 0 0 0 0 0 0
34 0 0 0 0 0 0 0 0 0 14.28903911 86.51146705 56.40236622 63.82841773 26.32212485 15.97890848 21.79793917 15.31617626 31.81503538 15.41524831 35.56280565 32.06086925 39.33619908 55.47711451 79.78578088 108.079032 128.6407349 98.6043416 175.025187 235.2492566 382.2001196 472.426416 264.700628 113.6513803 19.67634906 0 0 0 0 0 0 0 0 0 0 0 0 0 0 0 0 0 0 0 0 0 0 0 0 0 0 0 0 0 0 0 0 0 0 0 0 0 0 0 0 0 0 0 0 0 0 0 0 0 0 0
35 0 0 0 0 0 0 0 0 2.022728806 121.9599644 226.8936375 134.0668294 131.5699233 72.60305795 93.03155405 141.0542929 306.3771013 444.0488554 223.1076496 2.425069669 0 0 0 0 0 0 0 0 0 0 0 0 0 0 0 0 0 0 0 0 0 0 0 0 0 0 0 0 0 0 0 0 0 0 0 0 0 0 0 0 0 0 0 0 0 0 0 0 0 0 0 0 0 0 0 0 0 0 0 0 0 0 0 0 0
36 0 0 0 0 0 0 0 0 0 42.17473398 221.6850745 263.3918153 110.4354307 207.1206802 109.892895 330.8058093 513.3899793 204.1787227 47.64495667 1.152056023 0 0 0 0 0 0 0 0 0 0 0 0 0 0 0 0 0 0 0 0 0 0 0 0 0 0 0 0 0 0 0 0 0 0 0 0 0 0 0 0 0 0 0 0 0 0 0 0 0 0 0 0 0 0 0 0 0 0 0 0 0 0 0 0 0
37 0 0 0 0 0 0 0 13.43303156 150.8605628 66.87825697 186.1151428 167.630249 126.059739 152.965243 127.904735 131.673023 125.8198613 158.4953488 211.1685692 194.620746 119.6480955 72.81262679 13.39434718 0 0 0 0 0 0 0 0 0 0 0 0 0 0 0 0 0 0 0 0 0 0 0 0 0 0 0 0 0 0 0 0 0 0 0 0 0 0 0 0 0 0 0 0 0 0 0 0 0 0 0 0 0 0 0 0 0 0 0 0 0 0
38 0 0 0 0 0 0 0 0 0 53.472917 191.668971 325.4984578 158.5980979 168.5612622 148.0552149 122.9922208 198.4913177 403.1375091 278.322103 264.558323 166.8916732 67.29481333 24.72865698 2.999047937 0 0 0 0 0 0 0 0 0 0 0 0 0 0 0 0 0 0 0 0 0 0 0 0 0 0 0 0 0 0 0 0 0 0 0 0 0 0 0 0 0 0 0 0 0 0 0 0 0 0 0 0 0 0 0 0 0 0 0 0 0
39 0 0 0 0 0 0 0 0 0 64.77573502 351.324416 136.3888186 141.3698605 143.5228644 155.1915687 135.9240063 290.2357723 365.6198649 192.0019439 53.54813775 32.57658755 35.15098907 36.49959164 0 0 0 0 0 0 0 0 0 0 0 0 0 0 0 0 0 0 0 0 0 0 0 0 0 0 0 0 0 0 0 0 0 0 0 0 0 0 0 0 0 0 0 0 0 0 0 0 0 0 0 0 0 0 0 0 0 0 0 0 0 0
40 0 0 0 0 0 13.01223238 76.04686921 57.51901165 84.70774892 191.2839525 264.8227535 235.7776186 282.528065 218.1722045 198.467718 215.550969 293.4898297 239.8238875 254.8142479 117.5098564 136.1095542 95.85790052 67.5653358 53.68897762 33.69173691 0 0 0 0 0 0 0 0 0 0 0 0 0 0 0 0 0 0 0 0 0 0 0 0 0 0 0 0 0 0 0 0 0 0 0 0 0 0 0 0 0 0 0 0 0 0 0 0 0 0 0 0 0 0 0 0 0 0 0 0
41 0 0 0 0 0 0 0 0 13.22316713 51.00899126 229.3024061 443.4346408 324.2981703 292.1231837 293.3898843 260.3983798 278.6727499 221.113779 184.5747583 150.0873199 152.6400543 95.43921171 0 0 0 0 0 0 0 0 0 0 0 0 0 0 0 0 0 0 0 0 0 0 0 0 0 0 0 0 0 0 0 0 0 0 0 0 0 0 0 0 0 0 0 0 0 0 0 0 0 0 0 0 0 0 0 0 0 0 0 0 0 0 0
45 0 0 0 0 0 0 0 0 0 0 44.6899026 45.71904216 53.57696561 101.3683655 129.4455828 66.62301732 43.81268563 17.98466849 16.89039708 16.90905951 18.59668963 18.57010003 33.70583888 23.46812836 18.31216489 17.09373107 19.14156415 18.42453294 47.13286038 715.3735904 690.7287382 332.7743555 178.9964847 124.5639192 86.4550824 62.08418318 52.49371573 19.84501982 33.03971444 18.41142766 0 0 0 0 0 0 0 0 0 0 0 0 0 0 0 0 0 0 0 0 0 0 0 0 0 0 0 0 0 0 0 0 0 0 0 0 0 0 0 0 0 0 0 0 0
46 0 0 0 0 0 0 0 0 0 0 0 0 0 0 0 0 0 0 0 0 0 0 0 0 0 0 0 0 0 100.036608 51.46352212 258.7146741 361.9258991 176.0099948 143.9378706 139.5003451 70.24293358 22.6968826 2.311244865 0 0 0 0 0 0 0 0 0 0 0 0 0 0 0 0 0 0 0 0 0 0 0 0 0 0 0 0 0 0 0 0 0 0 0 0 0 0 0 0 0 0 0 0 0 0
47 0 0 0 0 0 0 0 0 0 0 0 0 0 0 0 0 0 0 0 0 0 0 0 0 0 0 0 0 0 170.3241155 367.5436568 262.5538437 175.4193015 171.6930348 83.67564353 40.30805321 52.79226322 76.0756204 130.7555777 168.1216787 568.9248241 248.7346918 154.3900734 25.80188486 0 0 0 0 0 0 0 0 0 0 0 0 0 0 0 0 0 0 0 0 0 0 0 0 0 0 0 0 0 0 0 0 0 0 0 0 0 0 0 0 0
48 0 0 0 0 0 0 0 0 0 0 0 0 0 0 0 0 0 0 0 0 0 0 0 0 0 0 0 0 0 184.5109443 199.1706025 220.8101644 197.0517568 197.3059288 183.3302115 188.8319903 293.4072602 254.1233261 270.7394877 103.7447809 71.88325034 67.40757909 18.395008 0 0 0 0 0 0 0 0 0 0 0 0 0 0 0 0 0 0 0 0 0 0 0 0 0 0 0 0 0 0 0 0 0 0 0 0 0 0 0 0 0 0
49 0 0 0 0 0 0 0 0 0 0 0 0 0 0 0 0 0 0 0 0 0 0 0 0 0 0 0 0 0 189.2844135 311.7745354 235.4053629 51.58536652 45.20321014 32.47021032 32.14726385 111.7116336 116.9835932 156.8285728 336.141896 465.6521743 371.242523 166.4655895 208.1526853 127.5792054 98.71943695 73.60336675 45.51753797 16.83454876 4.967396037 0 0 0 0 0 0 0 0 0 0 0 0 0 0 0 0 0 0 0 0 0 0 0 0 0 0 0 0 0 0 0 0 0 0 0
50 0 0 0 0 0 0 0 0 0 0 0 0 0 0 0 0 0 0 0 0 0 0 0 0 0 0 0 0 0 97.5128532 31.2755296 55.24786011 115.3851243 102.7880026 109.1248219 191.7630582 337.4291976 427.1007768 352.0647001 108.8266605 53.3881806 45.36143826 26.51327173 29.67826283 18.73835351 15.4700926 0 0 0 0 0 0 0 0 0 0 0 0 0 0 0 0 0 0 0 0 0 0 0 0 0 0 0 0 0 0 0 0 0 0 0 0 0 0 0
51 0 0 0 0 0 0 0 0 0 0 0 0 0 0 0 0 0 0 0 0 0 0 0 0 0 0 0 0 0 0 0 0 0 0 0 4.313886262 24.93545718 8.624431059 10.12642368 5.738832911 10.07956522 13.50430939 7.671112121 11.60230216 9.681819573 11.44046877 52.35082075 202.7311332 269.4868596 248.9249832 135.8800719 199.1359462 306.0288867 248.0035923 210.9709624 209.3337808 131.8390045 49.04743241 46.02266291 60.28071557 42.33098786 31.75039844 20.929148 0 0 0 0 0 0 0 0 0 0 0 0 0 0 0 0 0 0 0 0 0 0
52 0 0 0 0 0 0 0 0 0 0 0 0 0 0 0 0 0 0 0 0 0 0 0 0 0 0 0 3.64128314 24.80013808 14.46504373 13.22012809 16.89388529 39.23507676 50.34867101 61.20143478 24.77196164 21.04080863 38.15308808 89.55113012 158.2587243 175.9601123 185.4712681 112.0115656 66.60416578 123.3520521 103.0003013 73.05756572 105.5356245 210.1169962 161.954016 256.9305447 182.9482107 177.4910251 93.85136091 167.9631595 74.22159001 0 0 0 0 0 0 0 0 0 0 0 0 0 0 0 0 0 0 0 0 0 0 0 0 0 0 0 0 0
53 0 0 0 0 0 0 0 0 0 0 0 0 0 0 0 0 0 0 0 0 0 0 0 0 0 0 0 0 0 0 0 0 0 0 0 0 0 0 0 0 0 0 0 0 0 0 0 0 0 0 0 0 0 2.696686037 44.74821572 54.83427632 67.29487416 96.49451997 141.2750537 291.4994569 309.7606938 257.1340004 234.6625238 258.4546558 298.1036434 265.781517 335.6336709 167.3404758 62.30890379 60.83519937 89.20741799 57.0770525 16.02776069 3.250932572 0 0 0 0 0 0 0 0 0 0 0
54 0 0 0 0 0 0 0 0 0 0 0 0 0 0 0 0 0 0 0 0 0 0 0 15.39520794 31.36893101 30.0866254 42.36253803 67.95513068 50.69480249 42.24741807 27.67729762 84.6374879 82.00326359 131.0833163 98.65421598 61.2786608 127.8040646 88.62051144 87.4547813 58.62384029 97.77863105 126.7817639 185.6658276 355.7478718 250.2293033 110.7175725 242.2097458 225.1885511 109.3873628 52.05242497 33.37868768 34.30711193 37.75687589 0 0 0 0 0 0 0 0 0 0 0 0 0 0 0 0 0 0 0 0 0 0 0 0 0 0 0 0 0 0 0 0
55 0 0 0 0 0 0 0 49.42104217 183.6906264 131.8817398 163.2085686 216.4813891 162.8257293 129.5207486 102.5434841 142.6032928 364.3154784 388.1385395 116.4273619 3.802283549 0 0 0 0 0 0 0 0 0 0 0 0 0 0 0 0 0 0 0 0 0 0 0 0 0 0 0 0 0 0 0 0 0 0 0 0 0 0 0 0 0 0 0 0 0 0 0 0 0 0 0 0 0 0 0 0 0 0 0 0 0 0 0 0 0
56 0 0 0 0 0 0 0 0 4.104542589 116.7793339 133.2646028 109.6846486 130.8562304 51.92160334 106.3054835 119.1167122 127.1911086 524.8901172 205.739769 154.167752 50.41389337 0 0 0 0 0 0 0 0 0 0 0 0 0 0 0 0 0 0 0 0 0 0 0 0 0 0 0 0 0 0 0 0 0 0 0 0 0 0 0 0 0 0 0 0 0 0 0 0 0 0 0 0 0 0 0 0 0 0 0 0 0 0 0 0
57 0 0 0 0 0 0 0 0 0 293.305311 187.7618135 130.1985911 154.8388955 154.8467575 143.2534145 259.5497325 291.6122505 261.4776557 163.1065058 51.00307186 27.68551974 2.199811452 0 0 0 0 0 0 0 0 0 0 0 0 0 0 0 0 0 0 0 0 0 0 0 0 0 0 0 0 0 0 0 0 0 0 0 0 0 0 0 0 0 0 0 0 0 0 0 0 0 0 0 0 0 0 0 0 0 0 0 0 0 0 0
58 0 0 0 0 0 0 0 0 0 15.86736278 422.1952261 236.5282132 103.7433361 202.062 152.417912 95.98767859 142.6320822 325.4812922 280.0246603 33.07017815 0 0 0 0 0 0 0 0 0 0 0 0 0 0 0 0 0 0 0 0 0 0 0 0 0 0 0 0 0 0 0 0 0 0 0 0 0 0 0 0 0 0 0 0 0 0 0 0 0 0 0 0 0 0 0 0 0 0 0 0 0 0 0 0 0
62 0 0 0 0 0 0 0 0 0 0 0 0 0 0 0 0 0 0 0 0 0 0 0 0 0 0 0 0 0 0 0 0 14.68410054 18.8863478 18.25813897 24.72336473 16.44295865 18.07266188 23.84772155 15.80261408 65.43842392 126.5053484 168.8328455 121.9750339 155.8620063 419.6229042 345.922943 230.9418948 179.2764396 116.6216429 94.76268789 34.46005586 15.61177301 0 0 0 0 0 0 0 0 0 0 0 0 0 0 0 0 0 0 0 0 0 0 0 0 0 0 0 0 0 0 0 0
63 0 0 0 0 0 0 0 0 0 84.93431625 362.5395881 257.7884834 133.6337398 106.9105696 75.82899383 56.74472668 42.41429194 32.61793068 33.31873086 49.11074733 30.51820548 32.84007865 38.63246387 30.53772871 32.85029558 36.04990822 50.43698548 50.38085751 53.29990174 49.0774257 58.13077681 121.0314435 127.9371681 204.5947053 89.84876439 110.3111437 56.68518411 0 0 0 0 0 0 0 0 0 0 0 0 0 0 0 0 0 0 0 0 0 0 0 0 0 0 0 0 0 0 0 0 0 0 0 0 0 0 0 0 0 0 0 0 0 0 0 0
