0.0000 1.0421 1.0421 -0.2664 -1.0431 -0.2696 0.0000 1.0508 1.0508 1.0508 -0.9627 -0.3447 -0.0878 0.7175 0.5276 -0.1269 0.0000 1.2972 0.9698 -0.9263
0.0000 -0.5302 -0.5302 -0.1909 -1.7159 0.4004 0.0000 -0.4520 -0.4520 -0.4520 -1.0155 -0.5450 -1.1614 -0.2287 -0.0481 -2.2097 0.0000 0.3794 0.1029 -0.1563
0.0000 1.5249 1.5249 -0.2231 -0.5193 0.1805 0.0000 1.7151 1.7150 1.7150 -0.3140 -0.4275 -0.4456 0.3233 1.0206 -0.7660 0.0000 -0.9939 -1.1912 -0.6576
0.0000 0.8346 0.8346 -0.4347 -0.4460 0.1319 0.0000 1.3606 1.3606 1.3606 -0.4130 0.6806 -0.0878 0.2852 1.4414 -0.7047 0.0000 -1.2716 -1.2450 -1.0654
0.0000 1.4052 1.4052 0.2952 -0.1701 0.9096 0.0000 2.1473 2.1473 2.1473 0.1502 -0.3010 -0.0878 -0.0006 1.2207 -1.3882 0.0000 -1.9184 -2.2597 -0.5652
0.0000 -1.2166 -1.2166 -1.0484 -0.6539 -1.0955 0.0000 -0.8137 -0.8137 -0.8137 -0.5487 0.8593 1.2244 -1.6854 -0.6889 1.6794 0.0000 1.3773 0.6985 1.7245
0.0000 1.0700 1.0700 0.2489 0.9543 0.0515 0.0000 1.1887 1.1887 1.1887 0.3151 0.1187 -0.0878 0.6209 0.9498 -0.3586 0.0000 0.9642 1.1282 -0.8891
0.0000 1.4052 1.4052 -0.7061 1.1929 -0.0290 0.0000 1.5862 1.5862 1.5862 -0.1882 2.0995 1.7016 -0.3669 1.7130 1.6912 0.0000 0.5944 -0.2890 0.0221
0.0000 2.2353 2.2353 2.0931 0.0913 -0.5461 0.0000 1.6373 1.6373 1.6373 -0.1043 0.3258 0.8665 0.3913 1.1014 -0.7049 0.0000 -0.3579 -0.1444 -0.1107
0.0000 0.8226 0.8226 -0.6032 0.2577 -0.3784 0.0000 0.9836 0.9836 0.9836 -0.7336 -0.1183 0.5087 -0.1757 0.8621 0.3085 0.0000 -0.0383 -0.0222 0.1294
0.0000 -0.2629 -0.2629 0.2840 -0.9222 -0.4782 0.0000 -0.2542 -0.2542 -0.2542 -0.8006 -0.7221 -0.2071 -0.0934 -0.0115 -0.3961 0.0000 -1.6955 -1.9243 -0.2126
0.0000 0.8386 0.8386 -0.1238 0.7465 0.6271 0.0000 1.6876 1.6876 1.6876 0.4327 2.3060 1.9401 -2.3521 3.1846 1.1727 0.0000 1.6007 0.9108 2.6039
0.0000 2.2033 2.2033 0.3810 0.6005 -2.1674 0.0000 1.1494 1.1494 1.1494 0.2650 -0.3828 0.2701 1.7567 -0.0982 0.0299 0.0000 -0.6408 0.8436 -1.6102
0.0000 -0.0514 -0.0514 0.1402 -0.6276 0.5039 0.0000 -0.2107 -0.2107 -0.2107 -0.4219 -0.6725 -0.6842 1.0411 -0.7885 1.1146 0.0000 0.6024 0.2068 -0.9358
0.0000 -0.4624 -0.4624 -1.4348 -0.8661 -0.7155 0.0000 -0.9345 -0.9345 -0.9345 -1.0752 -1.3460 -0.6842 0.6570 -0.7409 -1.5600 0.0000 0.0493 0.0624 -0.2392
0.0000 -0.6978 -0.6978 -0.7227 -0.0437 -0.4881 0.0000 -0.7177 -0.7177 -0.7177 -0.3362 0.2003 2.1787 0.4727 -0.5469 1.0305 0.0000 1.1264 1.5147 -0.8541
0.0000 -0.7058 -0.7058 0.3984 -0.2715 -0.3477 0.0000 -0.5851 -0.5851 -0.5851 0.8848 -0.1883 -0.8035 0.0917 -0.5043 -1.7150 0.0000 -0.3989 0.7059 -0.1616
0.0000 0.1921 0.1921 -0.1163 -0.0843 -0.9899 0.0000 -0.1554 -0.1554 -0.1554 -0.1392 -0.6961 -0.4456 0.2422 -0.1639 -0.1161 0.0000 0.0470 0.4101 0.1973
0.0000 -0.1631 -0.1631 -0.3580 0.5203 -0.0322 0.0000 -0.5334 -0.5334 -0.5334 0.0582 -0.1967 -0.6842 1.1273 -0.4463 0.0625 0.0000 -0.0945 -0.2805 -0.9305
0.0000 -0.8614 -0.8614 1.3438 -0.6560 0.3469 0.0000 -1.3650 -1.3650 -1.3650 0.5719 0.3709 -0.5649 1.0839 -1.0429 1.6385 0.0000 -0.7537 -0.7542 -0.1722
0.0000 1.1658 1.1658 2.6133 2.3757 1.6799 0.0000 0.8699 0.8699 0.8699 2.8935 0.8742 1.2244 -0.0986 1.1453 -0.1493 0.0000 0.5433 0.5514 -0.1425
0.0000 -0.1352 -0.1352 3.1599 2.2151 1.4825 0.0000 -0.2945 -0.2945 -0.2945 2.6277 1.4093 1.3437 1.0824 -0.2742 -0.0459 0.0000 -0.2730 0.2449 -0.7829
0.0000 -0.6021 -0.6021 0.8101 1.4059 1.0740 0.0000 -0.7792 -0.7792 -0.7792 2.6678 0.6135 -0.8035 0.8420 -0.6699 0.3221 0.0000 -0.8619 -0.2010 -0.6916
0.0000 1.7923 1.7923 0.7160 3.3623 2.5128 0.0000 1.8520 1.8520 1.8520 2.8974 1.4896 1.2244 -1.8628 3.3161 -1.3912 0.0000 0.3860 -0.6513 2.1578
0.0000 -0.6220 -0.6220 -1.5571 -0.9145 -0.7074 0.0000 -0.9411 -0.9411 -0.9411 -1.0626 -0.8934 -0.3264 0.8926 -0.8749 0.7583 0.0000 -1.4043 -0.9068 -0.6990
0.0000 0.7747 0.7747 0.5314 -0.3565 2.0283 0.0000 0.3614 0.3614 0.3614 -0.4814 -0.0324 -0.4456 -0.6544 0.4453 0.7949 0.0000 1.4291 1.3148 1.1362
0.0000 0.1641 0.1641 0.9626 -0.8894 -0.0591 0.0000 0.7603 0.7603 0.7603 -0.1157 0.8312 0.2701 -0.9729 0.4359 0.3559 0.0000 -0.1349 -0.2979 0.7761
0.0000 -0.0793 -0.0793 -0.6342 -0.2301 1.1382 0.0000 0.1423 0.1423 0.1423 -0.3134 -0.7203 -1.4000 -0.8447 0.6834 -1.9915 0.0000 -0.1321 -0.9288 0.8091
0.0000 -0.9013 -0.9013 -1.5300 -0.1568 0.7809 0.0000 -0.6725 -0.6725 -0.6725 -0.7952 -1.0638 -1.5192 0.0102 -0.2291 -1.7788 0.0000 -0.7872 -0.3394 -0.7160
0.0000 1.0620 1.0620 -0.0755 0.5776 0.3040 0.0000 0.7648 0.7648 0.7648 -0.0722 -0.4666 -0.2071 0.7845 0.1203 0.5192 0.0000 -1.6728 -1.4360 -0.5408
0.0000 -0.1751 -0.1751 -1.0855 -0.8175 1.3836 0.0000 -0.9244 -0.9244 -0.9244 -0.3123 -0.7923 0.2701 0.8718 -0.8315 1.0506 0.0000 1.1433 1.1367 -0.1064
0.0000 -0.4265 -0.4265 -0.6248 -1.1353 -0.8051 0.0000 -1.1211 -1.1211 -1.1211 -1.2268 -0.9935 -0.6842 0.4479 -0.9602 -0.0498 0.0000 -0.1309 0.4026 0.2356
0.0000 -0.5183 -0.5183 -0.7062 -0.7871 -1.6104 0.0000 -0.9584 -0.9584 -0.9584 -1.1339 -0.2097 0.2701 -0.1443 -0.7882 -0.5639 0.0000 0.8443 -0.1486 0.3864
0.0000 -0.9173 -0.9173 -0.6728 -1.1661 -1.1165 0.0000 -0.9993 -0.9993 -0.9993 -0.8967 -0.9328 -1.1614 0.4290 -1.1860 0.4111 0.0000 -0.7787 0.2982 -0.0735
0.0000 -0.6021 -0.6021 0.4588 0.0740 0.0723 0.0000 -0.7028 -0.7028 -0.7028 0.9529 -0.3865 -0.8035 0.9108 -0.8796 1.0695 0.0000 0.3539 1.2809 -1.1918
0.0000 0.8186 0.8186 -0.0139 0.7899 -0.8505 0.0000 0.1826 0.1826 0.1826 0.8320 -0.2673 -0.2071 1.4363 -0.5357 -0.1704 0.0000 -1.3892 -1.1485 -1.5454
0.0000 -0.8255 -0.8255 -1.0126 1.1780 1.0081 0.0000 -0.7559 -0.7559 -0.7559 1.1075 -0.1195 -1.2807 -0.4118 -0.4640 0.1779 0.0000 1.1448 -0.1260 0.2664
0.0000 -0.0633 -0.0633 0.6158 0.6371 0.9256 0.0000 0.2367 0.2367 0.2367 1.0715 0.0778 0.3894 -0.4833 0.5848 -1.1047 0.0000 -0.7391 -0.0647 0.0869
0.0000 -1.4201 -1.4201 0.3126 -0.4107 0.3625 0.0000 -1.0383 -1.0383 -1.0383 -0.0035 -0.4484 -0.6842 0.3182 -1.1248 -0.2947 0.0000 -1.0169 -2.0365 -0.5801
0.0000 2.2113 2.2113 1.7855 0.1008 0.9704 0.0000 2.1745 2.1745 2.1745 0.0277 0.3505 0.9858 0.8715 0.1793 0.8866 0.0000 -0.8559 0.8111 -0.5939
0.0000 0.1163 0.1163 -0.6467 -0.4246 -0.3544 0.0000 -0.1612 -0.1612 -0.1612 -0.4278 -0.8180 0.1508 -0.7484 0.1385 0.0610 0.0000 -0.1151 -0.8872 1.4888
0.0000 0.0963 0.0963 1.0151 -0.1678 0.0042 0.0000 0.4302 0.4302 0.4302 0.4098 -0.3647 -0.8035 -0.8779 0.7792 0.7164 0.0000 1.4952 1.0055 0.4480
0.0000 -1.7114 -1.7114 0.2336 -0.4702 0.9737 0.0000 -0.6140 -0.6140 -0.6140 -0.2315 4.6433 2.0594 -3.4398 -0.4877 0.4420 0.0000 2.6990 0.7796 2.7313
0.0000 -0.7697 -0.7697 0.7767 2.0831 -0.8767 0.0000 0.1437 0.1436 0.1436 0.5184 -0.1698 -1.0421 0.0225 -0.6013 -0.3018 0.0000 -1.3386 -2.2079 -0.5737
0.0000 -0.8375 -0.8375 -1.5316 -0.5380 0.5481 0.0000 -0.9468 -0.9468 -0.9468 -0.8761 -0.8898 -0.8035 -1.2372 -0.0617 -0.8581 0.0000 0.1769 0.5568 1.6640
0.0000 -1.0410 -1.0410 -0.1127 0.7863 -1.1434 0.0000 -0.2891 -0.2891 -0.2891 0.6404 -0.0693 -1.2807 -0.4001 -0.7886 -0.9080 0.0000 -0.7023 -0.8478 -0.5206
0.0000 -0.4225 -0.4225 0.2508 -0.0266 -1.1746 0.0000 -0.0113 -0.0113 -0.0113 -0.7499 0.1562 -0.2071 -1.0625 0.6755 -0.1555 0.0000 0.4598 0.3293 1.1903
0.0000 -1.1887 -1.1887 0.6775 -0.8494 -1.0542 0.0000 -1.0944 -1.0945 -1.0945 -0.3533 -0.5237 -0.0878 -1.4568 -0.5925 0.6864 0.0000 -0.4230 -0.5112 1.2402
0.0000 -0.5661 -0.5661 -0.8677 -0.7448 -1.6993 0.0000 -1.1708 -1.1708 -1.1708 -0.9180 -0.2136 1.5823 1.0974 -1.0756 1.7875 0.0000 -0.0331 0.9082 -0.8668
0.0000 -0.3626 -0.3626 -0.6933 0.1042 -1.4819 0.0000 -0.8658 -0.8658 -0.8658 -0.5705 -0.4651 1.9401 -0.4329 -0.3983 0.4082 0.0000 -0.1312 0.0171 0.9227
0.0000 -0.6220 -0.6220 -1.3274 -0.8118 -0.3235 0.0000 -0.6006 -0.6006 -0.6006 -0.6689 0.3647 1.2244 0.7468 -0.4168 1.7860 0.0000 0.2503 0.6866 -0.8881
0.0000 -1.2086 -1.2086 -0.1291 -0.8255 1.0069 0.0000 -0.6646 -0.6646 -0.6646 -0.4957 -0.0414 -0.9228 -0.2628 -1.1027 -0.4955 0.0000 1.6677 2.4753 0.3227
0.0000 -0.8056 -0.8056 -0.6551 -0.3108 -0.6132 0.0000 -0.7974 -0.7974 -0.7974 -0.5660 -0.9485 -0.9228 0.7191 -1.1013 -0.6558 0.0000 0.4518 0.4972 -0.5397
