0.4066 0.0069 0.0253 -0.3764 -0.1510 -0.8279 0.0000 1.0758 1.0758 1.0758 0.3182 0.5763 0.0834 -0.6354 0.7621 -0.8623 0.0000 -1.4559 0.3004 -0.1603
0.4066 0.0674 0.0862 -0.1297 -0.6662 -0.5352 0.0000 -0.7552 -0.7552 -0.7552 -0.7179 -0.0555 -0.1766 -0.7849 0.1179 1.0678 0.0000 1.6909 1.0350 1.7813
0.4066 -0.1749 -0.1574 -0.7361 -0.7535 -0.1375 0.0000 -0.2502 -0.2502 -0.2502 -0.2633 -0.2880 0.0834 -0.5901 0.3270 0.8393 0.0000 -1.6346 -1.0790 0.0309
-0.2668 0.7339 0.7256 -0.4035 -0.7126 0.0919 0.0000 1.0245 1.0245 1.0245 -0.1459 0.1549 0.0834 -1.4655 1.4572 -0.4939 0.0000 0.3189 -0.3330 1.0355
-0.2668 -0.2355 -0.2488 1.9781 -0.3434 0.7394 0.0000 0.4701 0.4701 0.4701 -0.0902 -0.1730 -0.9564 0.6409 -0.2833 -1.1650 0.0000 0.6078 0.2395 -1.3677
-0.2668 -0.9625 -0.9795 -1.3167 -1.0725 -0.4215 0.0000 -1.4201 -1.4201 -1.4201 -0.8005 -0.8790 -0.4365 -2.0283 -0.8809 0.2898 0.0000 0.1618 0.0020 1.6154
-0.9402 1.6426 1.6086 1.8833 1.0274 -0.7960 0.0000 1.0129 1.0129 1.0129 1.9538 1.5576 1.1232 -0.0522 0.8949 1.5919 0.0000 0.9855 1.4224 0.8887
1.0799 0.6733 0.7256 1.4854 0.8550 -0.8586 0.0000 1.2117 1.2117 1.2117 1.3952 1.4650 -0.1766 0.4338 1.2043 0.0426 0.0000 0.5421 2.0188 -0.4783
1.7533 1.6426 1.7304 -0.5970 0.8643 -0.9050 0.0000 1.3154 1.3154 1.3154 1.1788 0.7160 0.6033 0.7707 0.6449 0.3506 0.0000 0.1307 0.0901 -0.7772
-0.2668 0.7339 0.7256 0.5820 0.6443 -0.1988 0.0000 1.2193 1.2193 1.2193 0.4315 0.0559 -0.1766 -0.4336 1.3555 -0.3995 0.0000 -0.2119 -0.4588 0.4482
0.4066 -0.0537 -0.0356 -0.0418 0.5542 -0.7425 0.0000 0.0582 0.0582 0.0582 0.9690 0.7269 0.0834 0.9140 0.4174 0.9424 0.0000 -1.1245 -1.6106 -0.9874
-0.2668 0.0069 -0.0052 -0.3671 1.7502 0.5053 0.0000 1.1716 1.1716 1.1716 2.4012 2.3577 0.0834 -0.7014 1.7256 -0.6243 0.0000 0.8415 1.1037 1.1337
-0.9402 0.1886 0.1471 2.3758 2.2348 1.0919 0.0000 1.9170 1.9170 1.9170 0.4462 0.9136 -0.1766 0.9340 -0.4260 -0.1512 0.0000 -1.0884 -0.2323 -0.3695
-0.2668 -0.5384 -0.5533 1.0021 -0.2228 0.9251 0.0000 -0.1146 -0.1146 -0.1146 -0.3838 -0.4048 -0.4365 1.4632 -1.0448 -0.7163 0.0000 -1.2573 -0.9270 -1.6466
0.4066 -1.4472 -1.4363 -1.3161 -1.2773 0.3755 0.0000 -1.2996 -1.2996 -1.2996 -1.0965 -0.8133 -1.2164 -0.5864 -0.6746 -0.2851 0.0000 -1.2967 1.3642 -0.0568
-1.6136 0.1280 0.0557 -0.8106 -0.4648 -1.3672 0.0000 -0.0604 -0.0604 -0.0604 -0.3129 -0.2636 0.0834 -0.9762 0.4640 0.5183 0.0000 -0.2662 -0.8208 1.5763
-0.2668 -0.5384 -0.5533 -0.3042 -0.0203 -0.5234 0.0000 -0.0334 -0.0334 -0.0334 -0.4879 -0.4168 -0.6965 0.1678 -0.2875 -1.2109 0.0000 -0.8327 -1.0732 -0.3040
-0.9402 -0.1749 -0.2183 -0.1823 -0.3564 0.5899 0.0000 0.5468 0.5468 0.5468 -0.3918 -0.2839 -0.6965 -0.6410 0.4061 -1.0599 0.0000 -0.2474 -0.8105 0.2939
1.0799 0.9156 0.9692 1.1565 -0.2578 1.7056 0.0000 0.2876 0.2876 0.2876 0.0712 -0.0017 0.6033 -0.8779 0.2521 1.7173 0.0000 -2.0949 -0.3567 1.8679
1.0799 -0.7807 -0.7360 -1.2068 -1.2476 0.9971 0.0000 -1.1994 -1.1994 -1.1994 -0.8598 -1.0911 -0.6965 -0.2296 -0.5009 0.4805 0.0000 -0.3922 0.7013 -0.0864
-0.2668 0.3098 0.2993 -0.1319 -0.3495 2.1765 0.0000 2.1493 2.1493 2.1493 -0.6884 -0.3262 -0.4365 -1.3073 2.3020 -0.5170 0.0000 -0.0324 0.3654 1.3471
0.4066 0.9156 0.9388 0.2818 -0.5342 0.5207 0.0000 0.9273 0.9273 0.9273 -0.5692 -0.1768 2.1630 0.0393 0.5869 -0.0821 0.0000 0.5656 0.3001 0.5749
1.0799 -0.5990 -0.5533 0.7529 0.1108 1.6474 0.0000 0.2406 0.2406 0.2406 -0.3269 -0.2411 -0.6965 -1.2847 0.3016 -1.3903 0.0000 -0.0532 -0.6186 0.3795
-0.2668 -0.5384 -0.5533 1.9877 0.7448 1.1497 0.0000 2.5555 2.5555 2.5555 0.9182 0.2867 -0.9564 0.3956 1.5066 -1.1926 0.0000 -1.8406 -2.5171 -0.6240
1.0799 -1.3260 -1.2840 -1.4798 -1.0360 -0.8908 0.0000 -1.3513 -1.3513 -1.3513 -1.0766 -1.0106 -0.9564 -2.3874 -1.1549 -2.4240 0.0000 0.8152 0.6082 0.3615
-0.9402 0.4309 0.3907 -0.9672 0.0350 0.6127 0.0000 0.3152 0.3152 0.3152 0.0709 0.0797 0.0834 -0.0093 0.5488 0.7799 0.0000 -0.2566 0.1010 0.0087
-1.6136 1.0974 1.0301 -0.0403 -0.7431 -0.3062 0.0000 -0.1753 -0.1753 -0.1753 -0.5868 -0.7746 1.6431 0.2321 -0.3469 1.2004 0.0000 0.6914 -0.0793 1.4369
0.4066 -0.0537 -0.0356 -0.3559 -0.3549 0.2996 0.0000 0.2295 0.2295 0.2295 -0.6972 -0.5108 -0.9564 -1.3146 0.6025 -2.0330 0.0000 1.3453 0.9473 0.7313
-1.6136 2.7331 2.6744 -0.7895 1.6688 -1.7988 0.0000 -0.2457 -0.2457 -0.2457 0.1261 0.5013 3.7226 1.3255 0.4132 1.7165 0.0000 0.8706 1.3843 0.4482
0.4066 -0.4778 -0.4619 0.5518 1.3490 1.6674 0.0000 -0.3129 -0.3129 -0.3129 0.9664 0.7714 -0.1766 0.7849 -0.5065 -0.0679 0.0000 2.2444 -0.2215 -0.5712
1.7533 -0.9625 -0.8882 -1.4857 -1.5135 1.0734 0.0000 -1.2533 -1.2533 -1.2533 -1.2372 -1.4732 -0.6965 1.4465 -1.1394 1.2271 0.0000 -0.4065 -0.2473 -1.5515
1.7533 0.6127 0.6952 -0.1201 -0.3254 -1.3853 0.0000 -1.0425 -1.0425 -1.0425 -0.4374 -0.2610 1.6431 1.0221 -0.7325 2.4018 0.0000 0.5300 0.1986 -0.4709
-0.2668 -0.8413 -0.8577 -0.0744 0.1459 -0.3059 0.0000 -1.1122 -1.1122 -1.1122 -0.1579 -0.1452 0.0834 -0.0921 -0.8314 0.3904 0.0000 0.0108 -1.3704 -0.1645
-2.2869 0.4915 0.3907 -0.5663 -0.8548 0.3743 0.0000 -0.3756 -0.3756 -0.3756 -1.1115 -0.8161 0.0834 0.9580 -1.0998 1.0082 0.0000 0.5393 1.2588 -0.4159
-0.2668 -0.5990 -0.6142 -0.3015 -0.7520 1.1426 0.0000 -0.9633 -0.9633 -0.9633 -0.6518 -0.9144 -0.4365 0.6382 -0.8837 -0.6017 0.0000 0.5538 0.5081 -0.7371
0.4066 0.4309 0.4516 -0.8740 -0.1666 -0.0446 0.0000 0.4355 0.4355 0.4355 -0.1525 -0.2740 0.0834 1.0074 -1.0264 -0.6115 0.0000 -0.1172 -0.2043 -0.0114
-0.2668 -0.4172 -0.4315 1.2144 -0.8517 0.8590 0.0000 0.2545 0.2545 0.2545 -0.2446 -0.5272 -0.6965 -0.5028 0.1264 -0.4985 0.0000 -1.1284 0.3213 0.2739
-0.2668 0.3704 0.3602 1.5736 3.2987 1.5062 0.0000 1.2931 1.2931 1.2931 3.2388 2.9211 0.3433 0.0045 1.5193 -0.2744 0.0000 -0.2098 -0.9612 -0.4181
-2.2869 -1.2048 -1.3145 -0.1547 -0.9000 0.5183 0.0000 -1.7744 -1.7744 -1.7744 -1.1644 -1.6065 -0.6965 2.1700 -1.5604 0.6529 0.0000 -0.2119 0.6097 -2.4420
1.0799 0.7945 0.8474 0.5931 -0.2159 -0.7917 0.0000 -0.0604 -0.0604 -0.0604 -0.3051 -0.1973 0.6033 1.3550 -1.0730 -0.7547 0.0000 -0.8367 -0.3683 -0.9579
-0.2668 -0.6596 -0.6751 -0.9714 -0.7423 0.4813 0.0000 -0.1072 -0.1072 -0.1072 -1.1385 -0.9599 -0.6965 -0.8646 0.1504 0.7825 0.0000 -0.0604 -1.5792 0.4809
1.7533 1.4003 1.4868 0.1122 0.7019 0.3747 0.0000 0.7782 0.7782 0.7782 0.1309 0.2123 1.9030 0.0322 1.1888 0.5653 0.0000 0.2093 0.0845 0.3119
0.4066 -0.9019 -0.8882 -1.1823 -0.9704 -0.6674 0.0000 -0.9310 -0.9310 -0.9310 -1.3036 -1.2710 -0.9564 -2.1308 -0.5093 0.5772 0.0000 2.0617 1.3692 1.4348
1.7533 -0.9019 -0.8273 1.5997 -0.9762 -0.7016 0.0000 -0.2951 -0.2951 -0.2951 -0.6493 -1.1905 -1.2164 0.3891 -0.9430 -1.0396 0.0000 0.4814 -1.1915 -1.5325
-0.9402 3.6419 3.6183 -0.2318 0.3295 -1.0923 0.0000 -0.0012 -0.0012 -0.0012 1.2492 1.3135 2.6828 0.7910 0.7127 1.4979 0.0000 2.1731 1.7117 1.9239
0.4066 -0.2961 -0.2792 1.0122 0.3618 0.7622 0.0000 0.4320 0.4320 0.4320 0.2178 0.8673 -0.4365 -0.3336 -0.7735 -0.6776 0.0000 1.0411 1.3360 -0.1445
-1.6136 -0.3566 -0.4315 -0.1084 0.7373 -1.1064 0.0000 0.2123 0.2123 0.2123 0.9775 1.4873 0.0834 -1.0897 2.2610 0.0148 0.0000 -0.7627 0.0761 0.2538
-0.2668 -0.2961 -0.3097 0.9157 -0.6065 -1.5293 0.0000 -0.9077 -0.9077 -0.9077 -0.4447 -0.8747 -0.4365 0.2256 -0.2268 0.2024 0.0000 -0.1015 -1.4877 0.0055
-0.2668 -1.0837 -1.1013 -0.4867 0.3260 -1.0690 0.0000 -1.3641 -1.3641 -1.3641 -0.3616 -0.5777 -0.4365 1.3720 -1.1521 -1.1797 0.0000 -1.6921 -0.9559 -1.4353
-0.2668 -0.4778 -0.4924 -0.7780 0.3095 -1.1395 0.0000 -0.9538 -0.9538 -0.9538 -0.2948 -0.0619 -0.4365 0.0750 0.0091 -0.7603 0.0000 -0.2090 -1.4429 0.1165
-0.2668 -0.8413 -0.8577 -0.1976 -0.8051 -0.6336 0.0000 -1.4244 -1.4244 -1.4244 -0.4448 -0.6446 0.3433 0.8311 -1.2044 -0.0995 0.0000 -0.7075 -0.4520 -0.9441
1.0799 -1.2654 -1.2231 -0.3725 -0.1956 0.5675 0.0000 -0.7741 -0.7741 -0.7741 -0.1246 -0.2606 -1.2164 0.3221 -1.4530 0.7568 0.0000 0.8169 1.1923 -1.1216
-0.2668 -0.9625 -0.9795 -1.6003 2.3904 -1.9794 0.0000 -0.5754 -0.5754 -0.5754 2.6588 2.8019 0.0834 0.5774 -1.5434 -0.4413 0.0000 0.3001 0.7493 -0.9843
