0 0 0 0 0 0 0 0 0 0 0 0 0 0 17.13759528 233.0090914 626.4740127 1417.185357 4054.894405 8710.651634 8249.45222 4300.506822 1757.734236 411.8965049 88.4248986 85.05077851 45.7056901 70.48825552 0 0 0 0 0 0 0 0 0 0 0 0 0 0 0 0 0 0 0 0 0 0 0 0 0 0 0 0 0 0 0 0 0 0 0 0 0 0 0 0 0 0 0 0 0 0 0 0 0 0 0 0 0 0 0 0 0
0 0 0 0 0 0 0 0 0 0 0 0 0 0 0 124.2290081 398.0787743 1301.149631 3739.278556 7187.502262 3798.641699 1050.608538 188.8625449 50.17908138 1.940098722 0 0 0 0 0 0 0 0 0 0 0 0 0 0 0 0 0 0 0 0 0 0 0 0 0 0 0 0 0 0 0 0 0 0 0 0 0 0 0 0 0 0 0 0 0 0 0 0 0 0 0 0 0 0 0 0 0 0 0 0
0 0 0 0 0 0 0 0 0 0 0 0 0 0 70.09279165 285.3803103 428.9169346 967.2502447 2841.569757 4726.525496 4258.551199 3096.626045 2645.821583 2597.626785 3114.952383 3375.590891 2717.585152 2032.324557 1288.365812 650.5312356 261.4883038 96.30378766 16.90999727 8.296908297 0 0 0 0 0 0 0 0 0 0 0 0 0 0 0 0 0 0 0 0 0 0 0 0 0 0 0 0 0 0 0 0 0 0 0 0 0 0 0 0 0 0 0 0 0 0 0 0 0 0 0
0 0 0 0 0 0 0 0 0 0 0 0 0 0 5.095758939 115.9935093 370.4234639 1225.436182 3335.767701 5475.49039 5341.011765 4806.678442 3022.895572 2217.137773 1694.149626 1460.862273 1506.44516 970.2913262 691.7336371 267.0623421 65.16966341 16.98199894 0 0 0 0 0 0 0 0 0 0 0 0 0 0 0 0 0 0 0 0 0 0 0 0 0 0 0 0 0 0 0 0 0 0 0 0 0 0 0 0 0 0 0 0 0 0 0 0 0 0 0 0 0
0 0 0 0 0 0 0 0 0 0 0 0 0 0 0 15.83152857 219.3155938 690.9943319 2469.919962 6247.860618 6108.339014 4780.810349 3415.601158 3569.28445 2904.959074 2704.376843 2441.336578 2082.112657 921.9095267 366.3488038 54.46342974 0 0 0 0 0 0 0 0 0 0 0 0 0 0 0 0 0 0 0 0 0 0 0 0 0 0 0 0 0 0 0 0 0 0 0 0 0 0 0 0 0 0 0 0 0 0 0 0 0 0 0 0 0 0
0 0 0 0 0 0 0 0 0 0 0 0 0 0 0 0 1.891818937 395.8575852 1252.325376 2823.495693 2857.090809 2403.055724 1567.083186 952.7694183 582.1906103 657.7925013 582.8215502 405.8030024 257.4008471 124.828237 23.23049749 0 0 0 0 0 0 0 0 0 0 0 0 0 0 0 0 0 0 0 0 0 0 0 0 0 0 0 0 0 0 0 0 0 0 0 0 0 0 0 0 0 0 0 0 0 0 0 0 0 0 0 0 0 0
0 0 0 0 0 0 0 0 0 0 0 0 0 0 0 0 0 0 0 0 0 0 0 4.569225575 26.43907572 69.63188124 204.7650166 262.8332841 288.7876681 677.2119061 732.03101 1116.065655 1099.031984 1084.636482 1293.302066 1987.93552 2241.407554 3341.936429 3643.16305 3493.065529 2857.371035 1894.243299 1750.054233 1083.821888 952.9047281 577.8077026 283.6870769 160.3137356 70.48170691 0 0 0 0 0 0 0 0 0 0 0 0 0 0 0 0 0 0 0 0 0 0 0 0 0 0 0 0 0 0 0 0 0 0 0 0
0 0 0 0 0 0 0 0 0 0 0 0 0 0 0 0 0 0 0 0 0 19.77326731 22.78909692 19.43064222 32.13563731 69.43955836 162.4901182 406.8430438 1215.617489 1996.305936 2199.547129 2417.434493 2227.563029 1847.630256 2471.615956 2778.098577 3268.760403 2781.281032 2205.062964 2198.991766 1583.761135 1295.737067 1176.449291 988.0453701 412.3986963 346.052924 83.81177971 113.381764 41.78920818 45.38902024 0 0 0 0 0 0 0 0 0 0 0 0 0 0 0 0 0 0 0 0 0 0 0 0 0 0 0 0 0 0 0 0 0 0 0
0 0 0 0 0 0 0 0 0 0 0 0 0 0 0 0 0 0 0 0 0 0 0 0 0 0 32.16166081 130.6308438 510.4114743 1174.906168 1420.49525 1635.70422 1684.188828 1662.440413 1341.661862 1659.631615 2383.656109 2786.235779 2857.075864 3340.835908 3793.39291 3402.012994 2157.762516 1584.893891 803.8544898 342.0853068 132.5813246 0 0 0 0 0 0 0 0 0 0 0 0 0 0 0 0 0 0 0 0 0 0 0 0 0 0 0 0 0 0 0 0 0 0 0 0 0 0
0 0 0 0 0 0 0 0 0 0 0 0 0 0 0 0 0 0 0 0 0 0 0 0 18.49762688 70.11547232 248.4292938 635.7808126 870.7706474 1512.831749 2067.50105 2236.804556 1974.459549 2614.605805 2681.368849 2488.280242 2614.81861 2267.473729 1638.449321 1378.869095 1561.410481 1029.617508 898.7739276 594.235511 101.3421426 21.97879972 2.469837831 0 0 0 0 0 0 0 0 0 0 0 0 0 0 0 0 0 0 0 0 0 0 0 0 0 0 0 0 0 0 0 0 0 0 0 0 0 0
0 0 0 0 0 0 0 0 0 0 0 0 0 0 0 0 0 0 0 0 0 0 0 0 0 0 0 0 25.98747502 53.64774624 46.48886402 19.16228741 21.37388632 118.6227921 201.9893344 468.7138113 689.1629055 672.5750905 1285.140631 1896.307694 3041.634855 3834.997076 3046.954493 1996.004072 1333.106879 476.2545662 158.4685331 49.49484445 11.35946381 0 0 0 0 0 0 0 0 0 0 0 0 0 0 0 0 0 0 0 0 0 0 0 0 0 0 0 0 0 0 0 0 0 0 0 0
0 0 0 0 0 0 0 0 0 0 0 0 0 0 0 0 0 11.00593014 64.00278801 83.59473963 59.73112629 156.561791 317.0555273 194.9962218 204.9569584 247.4355353 759.7808662 922.2208713 1022.989516 716.45956 656.9677661 828.4686381 811.5042817 1022.425219 909.0257856 845.7559798 843.3908527 1337.17571 1448.875881 1888.27866 2251.629569 2815.878668 3205.096382 2821.823998 2663.910101 1936.879339 1375.576054 1014.459664 851.2281648 365.2575111 280.8713178 188.8726689 101.2555811 0 0 0 0 0 0 0 0 0 0 0 0 0 0 0 0 0 0 0 0 0 0 0 0 0 0 0 0 0 0 0 0
0 0 0 0 0 0 0 0 0 0 0 0 0 0 33.59195695 107.6227721 754.0505546 7512.80622 12393.4096 7267.711842 2304.071302 406.4967375 67.77049459 17.12406631 0 0 0 0 0 0 0 0 0 0 0 0 0 0 0 0 0 0 0 0 0 0 0 0 0 0 0 0 0 0 0 0 0 0 0 0 0 0 0 0 0 0 0 0 0 0 0 0 0 0 0 0 0 0 0 0 0 0 0 0 0
0 0 0 0 0 0 0 0 0 0 0 0 0 0 69.40516878 256.8155851 502.1618512 1969.610275 4294.00933 4541.113355 3312.21951 2377.844446 1416.152753 735.7473323 253.8546447 64.54444929 3.611419064 0 0 0 0 0 0 0 0 0 0 0 0 0 0 0 0 0 0 0 0 0 0 0 0 0 0 0 0 0 0 0 0 0 0 0 0 0 0 0 0 0 0 0 0 0 0 0 0 0 0 0 0 0 0 0 0 0 0
0 0 0 0 0 0 0 0 0 0 0 0 0 0 0 7.0157905 106.4339868 554.6128903 1207.510242 1652.883141 2209.75886 1732.30115 1750.761337 1735.574184 1310.839258 978.2690134 397.829785 158.7984638 58.12654339 47.81389331 0 0 0 0 0 0 0 0 0 0 0 0 0 0 0 0 0 0 0 0 0 0 0 0 0 0 0 0 0 0 0 0 0 0 0 0 0 0 0 0 0 0 0 0 0 0 0 0 0 0 0 0 0 0 0
0 0 0 0 0 0 0 0 0 0 0 0 0 0 4.145568201 21.45709796 100.5639248 351.2112872 1646.979952 2094.09709 2308.499798 1912.02668 1892.647979 1790.300735 1301.573916 1061.765336 578.0293089 261.3020627 46.95987809 56.68786263 27.06945463 86.52193712 36.52448356 93.91014691 6.376788175 0 0 0 0 0 0 0 0 0 0 0 0 0 0 0 0 0 0 0 0 0 0 0 0 0 0 0 0 0 0 0 0 0 0 0 0 0 0 0 0 0 0 0 0 0 0 0 0 0 0
0 0 0 0 0 0 0 0 0 0 0 0 0 0 0 0 0 20.22821351 218.625552 593.4240216 894.0551328 956.913942 1838.943353 2550.056555 3235.064188 2605.432996 1899.164043 816.7912797 176.9543382 87.52411567 59.87384105 264.5160373 283.4259126 81.35014495 60.0689182 33.92539241 36.63476275 39.87650628 0 0 0 0 0 0 0 0 0 0 0 0 0 0 0 0 0 0 0 0 0 0 0 0 0 0 0 0 0 0 0 0 0 0 0 0 0 0 0 0 0 0 0 0 0 0 0
0 0 0 0 0 0 0 0 0 0 0 0 0 0 0 83.08366068 240.394425 1005.790451 1706.185551 2768.987594 2914.475398 2930.74398 2147.011067 1398.465905 1144.89457 943.7020537 662.3407176 334.0830596 78.70356659 21.11765998 46.80600797 164.9037803 332.0364358 402.3305328 276.3381732 346.7340245 183.5390406 64.15294657 58.96505237 0 0 0 0 0 0 0 0 0 0 0 0 0 0 0 0 0 0 0 0 0 0 0 0 0 0 0 0 0 0 0 0 0 0 0 0 0 0 0 0 0 0 0 0 0 0
0 0 0 0 0 0 0 0 0 0 0 0 0 0 0 0 60.76619872 591.3901343 1847.840391 2285.672547 2334.977648 2133.941917 1839.220478 1852.092673 1666.394194 1191.451876 398.5924907 166.0985337 22.95033376 22.96878494 22.0325499 68.79140124 182.0637385 81.22664566 51.58313884 85.12301329 119.7652369 152.7514051 1.233341337 0 0 0 0 0 0 0 0 0 0 0 0 0 0 0 0 0 0 0 0 0 0 0 0 0 0 0 0 0 0 0 0 0 0 0 0 0 0 0 0 0 0 0 0 0 0
0 0 0 0 0 0 0 0 0 0 0 0 0 0 0 0 7.184810308 246.9606678 1939.775959 2338.379282 1470.60459 706.0587463 546.3013691 768.8010382 531.2798686 335.0587502 223.4198003 126.9559821 67.72939135 28.78756945 29.1063384 26.11238432 83.2355303 46.00796034 19.80289031 55.47669511 94.29229699 81.26583351 78.77679406 154.8393053 182.8312957 151.0996248 73.60675466 0 0 0 0 0 0 0 0 0 0 0 0 0 0 0 0 0 0 0 0 0 0 0 0 0 0 0 0 0 0 0 0 0 0 0 0 0 0 0 0 0 0
0 0 0 0 0 0 0 0 0 0 0 0 0 0 0 0 4.091396282 295.6855694 1445.890663 2170.182789 3252.556597 4647.310011 4566.873223 4232.071312 3573.673155 1731.114679 616.7848363 175.7236047 28.01400441 59.49900491 21.40038986 35.09348222 102.0374308 85.27552143 170.5727385 61.48020752 51.46868672 32.78414639 71.09241761 79.34144933 83.98839285 99.61969114 64.54968256 99.63708806 238.4670051 172.8813875 79.99369235 90.26197989 50.15334874 51.43978003 26.30178101 29.90386991 0 0 0 0 0 0 0 0 0 0 0 0 0 0 0 0 0 0 0 0 0 0 0 0 0 0 0 0 0 0 0 0 0
0 0 0 0 0 0 0 0 0 0 0 0 0 0 0 54.79148157 206.3153257 598.8272821 1521.755112 1758.012847 2106.428744 2314.552699 2229.096144 1874.001949 1276.468019 909.0589553 599.1599141 189.2049561 115.8604231 130.9956127 125.9708501 159.2350164 179.0151401 173.2065598 438.4295341 177.973036 127.8932291 98.26932568 129.7842078 132.6319516 111.6009863 97.10414347 276.5597805 389.4906576 234.5717359 187.7696042 85.09552837 34.33195836 36.35866394 45.13543048 0 0 0 0 0 0 0 0 0 0 0 0 0 0 0 0 0 0 0 0 0 0 0 0 0 0 0 0 0 0 0 0 0 0 0
0 0 0 0 0 0 0 0 0 0 0 0 0 0 29.90421417 20.41608645 107.5589195 869.8830687 2015.770999 1946.19692 1581.910516 1205.084748 1018.892451 834.8767853 661.3387307 378.7372729 203.810352 89.11838461 81.71793266 94.6712587 90.09111701 94.61005665 112.2791176 390.8367626 796.946553 464.9540533 183.8166057 175.6986454 259.459038 256.548031 214.6672433 118.3159792 93.1674251 129.0471492 191.9571501 159.7777327 70.18223407 114.9552273 23.02347256 20.05972705 30.37111511 44.67728239 0 0 0 0 0 0 0 0 0 0 0 0 0 0 0 0 0 0 0 0 0 0 0 0 0 0 0 0 0 0 0 0 0
0 0 0 0 0 0 0 0 0 0 0 0 0 0 0 0 24.04648301 295.464285 2202.40477 4387.612445 5491.858296 5341.134743 3812.544989 2784.406507 1639.645862 1192.265159 871.1866793 474.2833357 560.4136668 190.8067529 134.9961252 122.9499813 270.8950515 725.4744349 1091.880195 808.9590336 377.3455535 242.0606759 383.4079728 390.0868639 347.4713576 203.2645391 203.0630443 211.6869264 255.1808919 312.5089719 218.3184064 141.2199094 161.4950562 142.128131 241.4078021 178.3121407 162.3723813 8.924307954 0 0 0 0 0 0 0 0 0 0 0 0 0 0 0 0 0 0 0 0 0 0 0 0 0 0 0 0 0 0 0
0 0 0 0 0 0 0 0 0 0 0 0 0 0 55.2136019 44.29315335 255.069702 837.8103568 1277.164426 1524.989975 1346.0966 1514.780365 1684.246658 1390.612491 1185.812618 1137.184779 938.7063861 495.6018631 130.2134544 43.01880468 0 0 0 0 0 0 0 0 0 0 0 0 0 0 0 0 0 0 0 0 0 0 0 0 0 0 0 0 0 0 0 0 0 0 0 0 0 0 0 0 0 0 0 0 0 0 0 0 0 0 0 0 0 0 0
0 0 0 0 0 0 0 0 0 0 0 0 0 0 0 0 0 0 0 0 0 0 0 0 0 0 0 0 0 0 0 0 0 0 0 0 0 24.99984847 32.86067848 179.8053806 417.6693144 1051.508466 1367.919231 2323.190584 2885.523715 4001.272744 3354.68879 2657.486265 1787.75465 1511.333937 1032.01892 837.6005817 514.5343691 230.9045929 122.5041606 65.75047154 54.40894195 10.92998217 0 0 0 0 0 0 0 0 0 0 0 0 0 0 0 0 0 0 0 0 0 0 0 0 0 0 0
0 0 0 0 0 0 0 0 0 0 0 0 0 0 0 0 0 0 0 0 0 0 0 0 0 0 0 0 0 0 0 0 0 0 0 0 0 46.20379128 94.99725182 286.8689198 545.310614 1247.815357 1997.544089 1450.084872 2136.531712 2650.895476 2697.383635 3234.769078 2882.894331 2342.642044 2333.349892 1535.11525 1184.157365 612.2078491 248.6824607 149.9175194 40.80616768 0 0 0 0 0 0 0 0 0 0 0 0 0 0 0 0 0 0 0 0 0 0 0 0 0 0 0 0
0 0 0 0 0 0 0 0 0 0 0 0 0 0 0 0 0 0 0 0 0 0 0 0 0 19.15754311 79.87357866 236.8948914 160.1444908 177.9685302 261.3017752 427.9454123 523.9778567 834.0956265 2047.423673 3086.695339 3056.171857 3310.897443 2720.884819 2251.329437 1401.562974 907.9785411 745.1110772 257.7736017 97.15310649 82.26099553 0 0 0 0 0 0 0 0 0 0 0 0 0 0 0 0 0 0 0 0 0 0 0 0 0 0 0 0 0 0 0 0 0 0 0 0 0 0 0
0 0 0 0 0 0 0 0 0 0 0 0 0 0 0 0 0 0 0 0 0 0 0 0 0 0 29.96195184 77.14396267 347.249677 603.8518661 1126.290707 1338.618047 1314.230598 1569.642085 2154.445894 1721.777923 1808.591581 1562.495827 823.4726468 697.1463664 482.6205502 193.9249203 125.5430485 69.32767959 0 0 0 0 0 0 0 0 0 0 0 0 0 0 0 0 0 0 0 0 0 0 0 0 0 0 0 0 0 0 0 0 0 0 0 0 0 0 0 0 0
0 0 0 0 0 0 0 0 0 0 0 0 0 0 0 0 0 0 44.33780194 117.5611862 177.3416657 258.2861133 413.3015286 401.0696106 504.8658368 647.8830389 792.5300896 910.9805656 917.3686946 2067.678167 3004.561712 3500.091443 4285.167986 2886.276773 2093.675923 1611.969539 819.161446 957.2893356 536.4457311 584.1820585 184.1403342 18.9332141 0 0 0 0 0 0 0 0 0 0 0 0 0 0 0 0 0 0 0 0 0 0 0 0 0 0 0 0 0 0 0 0 0 0 0 0 0 0 0 0 0 0 0
0 0 0 0 0 0 0 0 0 0 0 0 0 0 0 76.00146319 68.98551867 374.9697162 2120.092671 3567.428502 3241.302494 1866.095976 1310.662133 667.4573264 252.1683513 103.5055288 132.6548163 73.24913795 82.35137834 0 0 0 0 0 0 0 0 0 0 0 0 0 0 0 0 0 0 0 0 0 0 0 0 0 0 0 0 0 0 0 0 0 0 0 0 0 0 0 0 0 0 0 0 0 0 0 0 0 0 0 0 0 0 0 0
0 0 0 0 0 0 0 0 0 0 0 0 0 0 0 77.46164192 261.7761137 1279.312599 3348.086104 3121.545444 2050.703721 1198.905533 526.8762053 229.3724382 134.6153808 47.97257812 55.04633489 28.65489207 25.23270764 0 0 0 0 0 0 0 0 0 0 0 0 0 0 0 0 0 0 0 0 0 0 0 0 0 0 0 0 0 0 0 0 0 0 0 0 0 0 0 0 0 0 0 0 0 0 0 0 0 0 0 0 0 0 0 0
0 0 0 0 0 0 0 0 0 0 0 0 0 0 0 0 1.239813954 227.5752778 593.7916403 1703.681795 1850.94899 1765.062534 1936.52597 1595.6792 1236.910861 816.2438186 638.0766086 431.1870549 277.5732895 0 0 0 0 0 0 0 0 0 0 0 0 0 0 0 0 0 0 0 0 0 0 0 0 0 0 0 0 0 0 0 0 0 0 0 0 0 0 0 0 0 0 0 0 0 0 0 0 0 0 0 0 0 0 0 0
0 0 0 0 0 0 0 0 0 0 0 0 0 0 0 0 6.385738223 75.19191433 450.8226579 835.0972313 1113.125193 1236.324818 1601.491904 1651.974076 1487.058037 1461.664378 1278.074107 1188.819922 614.4391652 0 0 0 0 0 0 0 0 0 0 0 0 0 0 0 0 0 0 0 0 0 0 0 0 0 0 0 0 0 0 0 0 0 0 0 0 0 0 0 0 0 0 0 0 0 0 0 0 0 0 0 0 0 0 0 0
0 0 0 0 0 0 0 0 0 0 0 0 0 0 0 0 4.479196817 182.9022825 988.7119715 1982.677565 1876.822752 1744.721092 1489.148416 1249.309325 1268.102866 1298.079157 1203.949587 760.6594392 388.8188388 19.94625293 16.78158005 64.02180491 226.1808903 147.5367214 147.3601368 102.8910066 84.41818092 39.79549825 58.78178408 45.34886069 14.978136 9.046294619 0 0 0 0 0 0 0 0 0 0 0 0 0 0 0 0 0 0 0 0 0 0 0 0 0 0 0 0 0 0 0 0 0 0 0 0 0 0 0 0 0 0 0
0 0 0 0 0 0 0 0 0 0 0 0 0 0 16.12850637 80.76077239 208.7132298 526.9018118 951.9788959 1086.948335 1405.198306 1841.333617 1654.791714 1981.174221 2019.779915 2028.236803 1982.686751 1704.487993 1490.642289 19.80409986 39.38315096 9.527650002 10.6060009 9.222958937 10.44082163 8.752544149 27.96707703 70.22016262 155.7635176 151.0311828 212.8681111 153.9816505 151.8946336 123.442391 74.43327421 89.68565609 61.76731373 54.82664418 95.74918384 44.4879361 26.17189269 10.90261897 9.259402745 0 0 0 0 0 0 0 0 0 0 0 0 0 0 0 0 0 0 0 0 0 0 0 0 0 0 0 0 0 0 0 0
0 0 0 0 0 0 0 0 0 0 0 0 0 0 0 9.584370183 32.03782428 152.2673562 613.2110574 1112.336935 1364.646598 1825.226105 1712.797683 1896.454555 1301.109607 1255.372305 1174.450481 916.4999579 435.662894 54.96118655 83.70972848 103.3182822 67.30519686 65.88005434 42.66500314 33.82474874 32.96579187 36.76732378 27.14308146 29.12123758 60.14589896 60.22262672 43.11271 47.26340311 40.47705965 47.58628974 31.54180924 51.24563707 33.00333215 23.23076215 40.99874715 4.297638224 0 0 0 0 0 0 0 0 0 0 0 0 0 0 0 0 0 0 0 0 0 0 0 0 0 0 0 0 0 0 0 0 0
0 0 0 0 0 0 0 0 0 0 0 0 0 0 0 0 0 0 0 0 0 0 0 0 0 0 0 0 0 673.7686894 1572.354442 2327.303195 2500.249199 2843.922709 2490.579572 1352.206839 1465.039679 1024.632071 891.2523452 1123.070725 645.5582002 390.5686644 435.822053 405.9149175 383.3567259 180.8218777 249.7512632 410.8090935 223.012769 435.147432 283.0347628 366.2844113 161.1270308 108.9083926 118.8258818 4.705915549 0 0 0 0 0 0 0 0 0 0 0 0 0 0 0 0 0 0 0 0 0 0 0 0 0 0 0 0 0
0 0 0 0 0 0 0 0 0 0 0 0 0 0 0 0 0 0 0 0 0 0 0 0 0 0 0 0 0 0 0 0 0 20.06120114 78.22460405 487.9252495 995.3142908 826.5770991 667.1098822 426.2010916 313.6366449 284.2334173 371.7245741 671.5046456 1046.299498 1206.968612 1257.090434 1572.637806 1303.046541 798.4252866 427.3518137 186.5814539 68.45868958 31.25606367 13.87184033 0 0 0 0 0 0 0 0 0 0 0 0 0 0 0 0 0 0 0 0 0 0 0 0 0 0 0 0 0 0
0 0 0 0 0 0 0 0 0 0 0 0 0 0 0 0 0 0 0 0 0 0 0 0 0 0 0 0 0 0 0 0 96.15787836 121.7076288 207.2467248 425.8355594 437.4617695 458.3295448 973.3510879 1543.324255 2106.191619 2227.077406 2403.996148 2720.816797 3261.530835 3169.334661 3691.208706 3943.519345 3297.470845 2272.202413 1965.117828 1374.540664 1037.256812 459.0219598 351.6500362 125.6178154 113.5898183 184.3330889 223.6785919 22.67899709 0 0 0 0 0 0 0 0 0 0 0 0 0 0 0 0 0 0 0 0 0 0 0 0 0
0 0 0 0 0 0 0 0 0 0 0 0 0 0 0 0 0 0 0 0 0 0 0 0 0 0 0 0 0 16.414363 26.07907784 78.89364987 139.2256853 251.627885 465.5595851 797.0506944 761.9307114 1059.69718 680.7399606 1272.717149 1119.281567 973.0172567 1402.197726 1553.330727 1710.671599 1617.313088 1676.268067 1259.659124 867.262366 585.0890203 721.5150479 459.1464313 424.5215386 202.9274319 86.20858017 0 0 0 0 0 0 0 0 0 0 0 0 0 0 0 0 0 0 0 0 0 0 0 0 0 0 0 0 0 0
0 0 0 0 0 0 0 0 0 0 0 0 0 0 0 0 0 0 0 0 0 0 0 0 0 0 0 0 0 0 0 0 19.12134936 118.7198213 152.3151933 300.7296663 389.5112107 784.4226044 1257.455181 1284.16697 1479.436112 2011.773761 1807.11387 1512.509796 1760.452247 2017.162709 1833.463874 2170.50893 1636.068622 1525.595139 1104.624997 697.854196 432.8483642 314.8695343 285.9230978 123.6472197 0 0 0 0 0 0 0 0 0 0 0 0 0 0 0 0 0 0 0 0 0 0 0 0 0 0 0 0 0
0 0 0 0 0 0 0 0 0 0 0 0 0 0 0 0 0 0 0 0 0 0 0 0 0 0 0 0 0 0 0 0 0 0 66.39977378 24.12997799 21.29597028 165.6210439 315.7077633 479.4880624 784.0953793 1361.901479 1328.886468 1341.610577 1395.940691 1376.819593 1375.03995 1381.659761 1226.473677 1235.433946 864.0279916 627.6606867 660.6205108 264.9805228 157.4578415 39.48912097 17.51150535 5.017985594 0 0 0 0 0 0 0 0 0 0 0 0 0 0 0 0 0 0 0 0 0 0 0 0 0 0 0
0 0 0 0 0 0 0 0 0 0 0 0 0 0 0 0 0 0 0 0 0 0 0 0 0 0 0 0 0 0 0 0 0 0 0 0 0 0 0 11.10812653 25.95897915 89.43452438 254.8486888 406.9437675 819.6312032 1050.869596 1286.183133 1179.977763 2103.478924 2078.22866 2292.184059 2227.782281 1713.546632 1428.753721 1218.82376 1026.28616 767.075687 758.3931654 566.2495979 468.6194678 380.0553916 216.8564428 103.522852 107.6594389 97.9748927 4.192942963 0 0 0 0 0 0 0 0 0 0 0 0 0 0 0 0 0 0 0
0 0 0 0 0 0 0 0 0 0 0 0 0 0 0 0 0 0 0 0 0 0 0 0 0 0 0 0 0 0 0 0 0 0 0 2.61549949 65.89370974 214.8582737 185.6306286 192.1148314 194.4796939 225.7889986 299.2699251 278.9016213 455.2055631 602.717289 656.3044794 1031.355327 1371.000035 1570.403882 1574.379062 1223.585904 856.5624224 830.9102085 857.087492 403.5449782 258.7964236 363.0958179 96.75432371 5.523175851 0 0 0 0 0 0 0 0 0 0 0 0 0 0 0 0 0 0 0 0 0 0 0 0 0
0 0 0 0 0 0 0 0 0 0 0 0 0 0 0 0 0 0 0 0 0 0 0 0 0 0 0 0 0 0 0 0 0 0 0 0 58.53832439 65.99998454 42.46046215 102.9717177 102.3089142 121.45194 149.5410879 119.3861944 144.2016308 228.3858111 300.4491814 587.2921575 688.8358223 968.3294705 1328.116965 1707.490039 1897.186125 2186.947333 1916.290041 1595.085104 1416.832889 1275.645576 1259.716759 880.2647658 350.072122 256.9961124 129.1101766 17.17480374 4.168317587 0 0 0 0 0 0 0 0 0 0 0 0 0 0 0 0 0 0 0 0
0 0 0 0 0 0 0 0 0 0 0 0 0 0 0 0 0 0 0 0 0 0 0 0 0 0 0 0 6.176758046 36.47897966 41.50232113 61.04525106 84.84705919 104.3255722 128.4935587 243.3048991 311.2040259 405.1054217 423.7736499 698.9765952 959.8996963 1008.578375 1161.723589 1384.023833 1304.350143 1272.233973 1293.342768 1779.233518 1514.453282 1967.915633 1197.151411 1015.746376 813.008938 831.6357531 531.7077647 365.0539697 180.2736778 111.9528008 40.09473442 23.8136072 8.035638226 0 0 0 0 0 0 0 0 0 0 0 0 0 0 0 0 0 0 0 0 0 0 0 0
0 0 0 0 0 0 0 0 0 0 0 0 0 0 54.05387564 262.8266119 761.2136513 1781.065035 2574.503047 2617.147093 1775.208254 1253.527229 765.7235179 360.9663103 269.1721529 118.6151463 22.93133058 0 0 0 0 0 0 0 0 0 0 0 0 0 0 0 0 0 0 0 0 0 0 0 0 0 0 0 0 0 0 0 0 0 0 0 0 0 0 0 0 0 0 0 0 0 0 0 0 0 0 0 0 0 0 0 0 0 0
0 0 0 0 0 0 0 0 0 0 0 0 0 0 0 21.00832102 64.92893398 132.2918139 472.5308649 1178.297727 1735.802012 2156.193359 1865.8195 1604.171322 1174.400818 588.9598829 283.5756933 268.3277526 164.7625615 0 0 0 0 0 0 0 0 0 0 0 0 0 0 0 0 0 0 0 0 0 0 0 0 0 0 0 0 0 0 0 0 0 0 0 0 0 0 0 0 0 0 0 0 0 0 0 0 0 0 0 0 0 0 0 0
0 0 0 0 0 0 0 0 0 0 0 0 0 0 0 17.34839667 303.8296706 626.3956703 1690.076392 3642.718278 3100.750486 2160.080223 1495.28985 715.3338202 302.0035376 203.6520884 89.54632583 68.98798976 32.74905129 0 0 0 0 0 0 0 0 0 0 0 0 0 0 0 0 0 0 0 0 0 0 0 0 0 0 0 0 0 0 0 0 0 0 0 0 0 0 0 0 0 0 0 0 0 0 0 0 0 0 0 0 0 0 0 0
0 0 0 0 0 0 0 0 0 0 0 0 0 0 0 6.275089268 197.406598 286.1604807 1107.458384 2309.053663 2127.458305 1966.277451 1648.002922 1302.428969 1562.095614 1429.498757 1269.554595 768.8481713 349.1696199 182.8688342 114.0959705 3.745438798 0 0 0 0 0 0 0 0 0 0 0 0 0 0 0 0 0 0 0 0 0 0 0 0 0 0 0 0 0 0 0 0 0 0 0 0 0 0 0 0 0 0 0 0 0 0 0 0 0 0 0 0 0
0 0 0 0 0 0 0 0 0 0 0 0 0 0 0 0 0 0 0 0 0 0 0 0 0 0 0 0 0 0 0 0 0 0 0 0 0 0 0 0 0 30.63273602 172.7928819 538.7846347 803.8091816 1740.050727 2142.412675 2161.915809 1645.816979 1874.468071 1778.79127 1431.992665 915.2040983 616.8871877 210.7212441 37.53310907 3.580402957 0 0 0 0 0 0 0 0 0 0 0 0 0 0 0 0 0 0 0 0 0 0 0 0 0 0 0 0
0 0 0 0 0 0 0 0 0 0 0 0 0 0 0 0 0 0 0 0 0 0 5.852511605 72.55906038 150.6639471 194.7582609 311.4724002 843.1687903 1124.398845 1385.768797 1480.601801 1205.518779 1168.014155 987.1939264 1227.578899 1653.102072 1119.238895 799.8643721 542.4212814 383.4837688 211.2449083 90.36653337 46.17324933 26.90739697 0 0 0 0 0 0 0 0 0 0 0 0 0 0 0 0 0 0 0 0 0 0 0 0 0 0 0 0 0 0 0 0 0 0 0 0 0 0 0 0 0
